1.000000000000000000e+00
9.952817328227475668e-01
9.879910286973591083e-01
9.781364789601044718e-01
9.658065484675095735e-01
9.510468311012537646e-01
9.339420354771900135e-01
9.145798995491429828e-01
8.931127015182361850e-01
8.696849534957743488e-01
8.444238997671176250e-01
8.175094411742487299e-01
7.890812519354237775e-01
7.593013467838800601e-01
7.283815412001600764e-01
6.964530641953575740e-01
6.637361873686277169e-01
6.304133419104972491e-01
5.966417909422249144e-01
5.626572664401798818e-01
5.285974152164438777e-01
4.946511487904801108e-01
4.609688966250946596e-01
4.277290842503961299e-01
3.950539774581545149e-01
3.630824095039762445e-01
3.319593638481763143e-01
3.017647117912126697e-01
2.726316552322879394e-01
2.446491255298530731e-01
2.179038396157745028e-01
1.924380107813535024e-01
1.683215092718255146e-01
1.455784872775688632e-01
1.242685680829348077e-01
1.044474086824901532e-01
8.610053612319709671e-02
6.921628891883875589e-02
5.382446567928796111e-02
3.990158937241758408e-02
2.740630723544751693e-02
1.630367957488786795e-02
6.598389457924050752e-03
-1.762906148417774229e-03
-8.815466995126655658e-03
-1.458994612830981710e-02
-1.916892439102972287e-02
-2.256756989667670424e-02
-2.485175125402400154e-02
-2.607244926614328204e-02
-2.631651406943681659e-02
-2.566298055431844374e-02
-2.419071859273306396e-02
-2.195295228531918968e-02
-1.900910180490738774e-02
-1.540802508196869106e-02
-1.125745770909707989e-02
-6.587776621578487514e-03
-1.461925856985119574e-03
4.066505698284908835e-03
9.940708335018914876e-03
1.609362809033737518e-02
2.247746397762974760e-02
2.903234192452277748e-02
3.570842006243731687e-02
4.246788501088826634e-02
4.927946766460515604e-02
5.609436512961602644e-02
6.288641036822147090e-02
6.962303096438765548e-02
7.626641454155158595e-02
8.278733063697969741e-02
8.917203739637587223e-02
9.538321810870165063e-02
1.013968081201253174e-01
1.071847511060954744e-01
1.127504450196490093e-01
1.180469741572274245e-01
1.230967570798563726e-01
1.279065369542932984e-01
1.324354677716564066e-01
1.366853407783445995e-01
1.406678697138659673e-01
1.443757076821529373e-01
1.477757132933990580e-01
1.509112297743352427e-01
1.537745346656124168e-01
1.563742098815674442e-01
1.587017248451233209e-01
1.607464224916497486e-01
1.625325281107809494e-01
1.640469176498442205e-01
1.653129758130821303e-01
1.663148539241825763e-01
1.670906625669824341e-01
1.676181687847625446e-01
1.679207321306576683e-01
1.680057120541490201e-01
1.678982325854701529e-01
1.676046129971018595e-01
1.671370941096404494e-01
1.665039593029918885e-01
1.657287931572851147e-01
1.648049798945706024e-01
1.637348856859702217e-01
1.625150481227980448e-01
1.611818096555342472e-01
1.597288790185326102e-01
1.581505813883223310e-01
1.564613228432014391e-01
1.546496078926477002e-01
1.527575100885586734e-01
1.507607233794284740e-01
1.487009452382723473e-01
1.465656606636905335e-01
1.443758309113534755e-01
1.421089025117230342e-01
1.397877300669392864e-01
1.374047930279235774e-01
1.349741102456573638e-01
1.324907541782828491e-01
1.299573856251033388e-01
1.273837824879441305e-01
1.247816828342139667e-01
1.221722288996139466e-01
1.195326463394923988e-01
1.168751048273361237e-01
1.142056945905377124e-01
1.115410269756807182e-01
1.088770108747073029e-01
1.062249154032951642e-01
1.035701973309171159e-01
1.009275458120826863e-01
9.829100726857072090e-02
9.567560949044438823e-02
9.306433246316196672e-02
9.050209207439421921e-02
8.794718761340764024e-02
8.544568957246599650e-02
8.298789096176144298e-02
8.056467122333996200e-02
7.819984861467424442e-02
7.586905382538561282e-02
7.358494417314573321e-02
7.138401477249529947e-02
6.924760772971369494e-02
6.718350747222608110e-02
6.516522169633583161e-02
6.319214481506162107e-02
6.128121827947846656e-02
5.944543230329095429e-02
5.767916605561354548e-02
5.597458262701361653e-02
5.434186695381123394e-02
5.277622369950209225e-02
5.130400370251397835e-02
4.990284721486350911e-02
4.858937765614219223e-02
4.735614777443398343e-02
4.620183227438987711e-02
4.509590644420086170e-02
4.407804803770011548e-02
4.315306730368011906e-02
4.232572589848577344e-02
4.156586238065097805e-02
4.087443299935886176e-02
4.024473898672529387e-02
3.970583433209674135e-02
3.923025486366415321e-02
3.883115107692212964e-02
3.852432830192548813e-02
3.828428652257985509e-02
3.811727089455257261e-02
3.799892539930729146e-02
3.796544480913256053e-02
3.800542058942781021e-02
3.812495238321370050e-02
3.829202507933612831e-02
3.853409985630437684e-02
3.883273023408505970e-02
3.920508723725712324e-02
3.961260497087977506e-02
4.007969988722179244e-02
4.058141466482185350e-02
4.113019252142365023e-02
4.173633239492262337e-02
4.238234062889396914e-02
4.305398640482220596e-02
4.375137601023159489e-02
4.444674186130077170e-02
4.515199563818232675e-02
4.587853802985995821e-02
4.661563019593736173e-02
4.736655280435635162e-02
4.809712803848939511e-02
4.883203217195935392e-02
4.954528083755046358e-02
5.022551913050085637e-02
5.086668362378975183e-02
5.147028467695315829e-02
5.202699855848452043e-02
5.252375782863444309e-02
5.295894967329232983e-02
5.328664541220640843e-02
5.355977062353546592e-02
5.375543956523880229e-02
5.388316740589532000e-02
5.392972511360752397e-02
5.390478338541148523e-02
5.378270783551820922e-02
5.356583085317198623e-02
5.323877846374317629e-02
5.281504477729679486e-02
5.231585399025961286e-02
5.173093562378466154e-02
5.105850448585383394e-02
5.030103497297707532e-02
4.947872496596790459e-02
4.858661276506389542e-02
4.758769856228895617e-02
4.648520893343158905e-02
4.529956694537985717e-02
4.402951279280382935e-02
4.272695616921759476e-02
4.138315954684299025e-02
3.998672070568921183e-02
3.855335272263288315e-02
3.707583924693817062e-02
3.556996503734008441e-02
3.400994447581114771e-02
3.242955033709864904e-02
3.082060372035555842e-02
2.919206355091135199e-02
2.754808119795929336e-02
2.591158698527528878e-02
2.427304333371303399e-02
2.263956814224736894e-02
2.103399041654319818e-02
1.944244798332253263e-02
1.786215499664500772e-02
1.630757491214577387e-02
1.479154415264211618e-02
1.331208771822869376e-02
1.186462649470776919e-02
1.045431329004850585e-02
9.062129801878171867e-03
7.683873936075973597e-03
6.352670656571546628e-03
5.066975009415283261e-03
3.816093875089334331e-03
2.614513295947243875e-03
1.458818935674599179e-03
3.627923033357002185e-04
-6.804822591449248602e-04
-1.667437850428811052e-03
-2.618294549303732885e-03
-3.496954585988028101e-03
-4.316841350794386675e-03
-5.073279899945877351e-03
-5.747347395004598347e-03
-6.342018520180890163e-03
-6.857279734240952739e-03
-7.316523850060580210e-03
-7.710269730368373049e-03
-8.030975392690755874e-03
-8.298678154406002178e-03
-8.506059831354354991e-03
-8.664728451816537322e-03
-8.796598289066422799e-03
-8.863260390050649307e-03
-8.858033425926496729e-03
-8.789055272769120269e-03
-8.662652764297831473e-03
-8.475511296917733264e-03
-8.237757375631123494e-03
-7.938444441278886057e-03
-7.614122162757096073e-03
-7.237399799209230308e-03
-6.841333186040699996e-03
-6.436321540610156523e-03
-5.995375020745726154e-03
-5.526110314969463581e-03
-5.060901265330642468e-03
-4.592488149948869766e-03
-4.148230929321839247e-03
-3.689538310213682018e-03
-3.267310858975963541e-03
-2.857597654879120465e-03
-2.491623122424328155e-03
-2.131334397436453892e-03
-1.788990407574607379e-03
-1.464445995722183291e-03
-1.167604764569267093e-03
-9.335860911433151469e-04
-7.158368715302749997e-04
-5.379827083567994325e-04
-4.056384168010159505e-04
-2.758535202568435768e-04
-1.903491944003510446e-04
-1.430300378607910448e-04
-9.198350223167672812e-05
-6.182335665592569353e-05
-6.339359722018894628e-05
-6.671291276296492287e-05
-6.997706638287937500e-05
-9.219300679494602446e-05
-1.112773381555722815e-04
-1.487746083457115970e-04
-2.128120762697549649e-04
-2.749380402738655846e-04
-3.161886042654712264e-04
-3.651295868247335613e-04
-4.185684743692306585e-04
-4.843852584756348756e-04
-5.704525490495752742e-04
-6.570823628113679933e-04
-7.580773769022790395e-04
-8.924485896460435845e-04
-1.046949295058197636e-03
-1.223293690746764337e-03
-1.439675010166314257e-03
-1.692009531490038356e-03
-1.986144457971038280e-03
-2.331156584930223208e-03
-2.705572261938517589e-03
-3.129541860394070233e-03
-3.592462792984353788e-03
-4.107122113953656783e-03
-4.665940846113687292e-03
-5.231225569966575610e-03
-5.830991845950738058e-03
-6.474298344866991593e-03
-7.160112261969832706e-03
-7.873599447108145868e-03
-8.603030133820289277e-03
-9.366487102802916950e-03
-1.015800073893909604e-02
-1.098480651777982049e-02
-1.185355882872064608e-02
-1.275095343440115110e-02
-1.366564176904104186e-02
-1.461049987615936629e-02
-1.557162163150526552e-02
-1.651122473274761054e-02
-1.748175404098153973e-02
-1.844716242935244901e-02
-1.942684272715152621e-02
-2.038370424137824280e-02
-2.132498707425318704e-02
-2.221963978210233018e-02
-2.309168069537864687e-02
-2.394252341654639835e-02
-2.475542252608321434e-02
-2.552058792251419087e-02
-2.621876020975473856e-02
-2.684308761059142623e-02
-2.739071622793021882e-02
-2.789263729170780859e-02
-2.830150704734435071e-02
-2.863714335446169296e-02
-2.888641174989039703e-02
-2.906492148110089227e-02
-2.917074076826992046e-02
-2.921222133488207695e-02
-2.917334854278502004e-02
-2.907412808449178626e-02
-2.894312405755751147e-02
-2.875864869015242950e-02
-2.851291513788289586e-02
-2.819770885100122276e-02
-2.783204029666844215e-02
-2.743949800137401168e-02
-2.701593840344417366e-02
-2.656616103304428045e-02
-2.610171663292886260e-02
-2.564010425299153434e-02
-2.517870924891537493e-02
-2.468865662748519554e-02
-2.420800487131175710e-02
-2.372599153033325137e-02
-2.327131220223499497e-02
-2.284297364524075918e-02
-2.241204134867061729e-02
-2.199745283084210065e-02
-2.158654896821100150e-02
-2.117535776490550234e-02
-2.079461589778089023e-02
-2.042971892443967707e-02
-2.010231365612044976e-02
-1.981405811050460444e-02
-1.958107430452294545e-02
-1.940079532411301266e-02
-1.923983376233551895e-02
-1.912085633984026214e-02
-1.904688109058473577e-02
-1.900868828120953063e-02
-1.903389190179599275e-02
-1.909817375737737910e-02
-1.918218817867194809e-02
-1.930466046514739062e-02
-1.944883833960300151e-02
-1.961617175575707667e-02
-1.981350904981594649e-02
-2.002619665097193913e-02
-2.024028085227658896e-02
-2.048857766848111508e-02
-2.076174839136190123e-02
-2.105087478518981661e-02
-2.136231629197956131e-02
-2.168240027722226348e-02
-2.202292114970662643e-02
-2.236951344864513552e-02
-2.271109642835714149e-02
-2.304439720108463277e-02
-2.337778874934126963e-02
-2.373909030311495763e-02
-2.411367254720968648e-02
-2.447835956443463606e-02
-2.483892623842482925e-02
-2.518824067288842616e-02
-2.554050300339243823e-02
-2.589119250511506473e-02
-2.624386650147379416e-02
-2.659245003380592692e-02
-2.694048415276955460e-02
-2.727273496494400304e-02
-2.759491876268540048e-02
-2.791308938915147003e-02
-2.820805274643116423e-02
-2.850045750426014046e-02
-2.878083140043314475e-02
-2.904963056170582064e-02
-2.928107303403232331e-02
-2.952823313221504195e-02
-2.976398980318994622e-02
-2.999477125779158315e-02
-3.023403607980766628e-02
-3.046087124631122536e-02
-3.068320899562197029e-02
-3.088465258089989965e-02
-3.107863978679128308e-02
-3.126407619818189626e-02
-3.145939454767962551e-02
-3.163692021104147489e-02
-3.180166400144093103e-02
-3.196743285502998133e-02
-3.215364255856912462e-02
-3.231126388608167310e-02
-3.245582981563584907e-02
-3.261089374923237943e-02
-3.275555378639665588e-02
-3.291892097804746675e-02
-3.307755264989912375e-02
-3.319768565305296348e-02
-3.328436434568406849e-02
-3.337164620412005206e-02
-3.343378695965729813e-02
-3.347025661270135177e-02
-3.348851103786869982e-02
-3.351174951222100906e-02
-3.352469651755746877e-02
-3.355422801469026134e-02
-3.357893251991433958e-02
-3.360219471186990520e-02
-3.361828332832127175e-02
-3.363921609046315736e-02
-3.364662580343939779e-02
-3.362675325170148138e-02
-3.360079812346084688e-02
-3.356617451198398022e-02
-3.351317046273111222e-02
-3.346248293391227563e-02
-3.341609599935656955e-02
-3.337933856375312203e-02
-3.330368968763083859e-02
-3.322039220382005248e-02
-3.309577263392061985e-02
-3.298070464267671004e-02
-3.283921793114805837e-02
-3.270569827782231903e-02
-3.254401209770516057e-02
-3.236597823982021588e-02
-3.220590121414020762e-02
-3.205606605964766292e-02
-3.190786588916829508e-02
-3.177287011354755497e-02
-3.165747134716834221e-02
-3.153415645374982312e-02
-3.143326300132500556e-02
-3.131231766707651826e-02
-3.118475874455244740e-02
-3.105630162751549586e-02
-3.092587410260629055e-02
-3.078189518298890537e-02
-3.063558442270489235e-02
-3.050969314088159551e-02
-3.040652356551473354e-02
-3.032352725852652947e-02
-3.023116049884982254e-02
-3.015411217178182515e-02
-3.009158276237548432e-02
-3.002480720624925783e-02
-2.996430894697028197e-02
-2.991927400138337523e-02
-2.989754249782932902e-02
-2.986300219608859288e-02
-2.985559240442473700e-02
-2.984306280435189418e-02
-2.984997294803680770e-02
-2.987032209678898084e-02
-2.987085299275562406e-02
-2.990481269335377307e-02
-2.994528526248252387e-02
-2.998231182260965161e-02
-3.002596902603671750e-02
-3.007795977596345108e-02
-3.015030993226816558e-02
-3.023330669794793701e-02
-3.033114010667724986e-02
-3.043531406388835098e-02
-3.054806372288974489e-02
-3.067347298010830031e-02
-3.079817233352601449e-02
-3.091821880600530495e-02
-3.099588347041788011e-02
-3.105589601154013987e-02
-3.111477341194827939e-02
-3.116943671134055072e-02
-3.120758859765425386e-02
-3.126708769176981401e-02
-3.134702383579724555e-02
-3.143670696178695739e-02
-3.152906575187878341e-02
-3.162829269466833904e-02
-3.173474015063167813e-02
-3.181508787572979308e-02
-3.189797862313376031e-02
-3.199772129254906811e-02
-3.209761332894358471e-02
-3.217893576461672289e-02
-3.227548844370883852e-02
-3.236500485324759341e-02
-3.244384489894829721e-02
-3.253168228101423198e-02
-3.261720096065593572e-02
-3.271335778607455808e-02
-3.281997661879287875e-02
-3.291899299899673365e-02
-3.301245142991110493e-02
-3.312502331626304003e-02
-3.325969285635009542e-02
-3.340835808992230482e-02
-3.353912157989770437e-02
-3.367688007699880248e-02
-3.379450015053850342e-02
-3.389901004323719880e-02
-3.399348687936966373e-02
-3.409763262182941013e-02
-3.420897986097584664e-02
-3.429913788377283307e-02
-3.435737776782790687e-02
-3.438276101771316207e-02
-3.438477290113717277e-02
-3.435305074053826568e-02
-3.433148216848503492e-02
-3.429249007559322104e-02
-3.419353417606649931e-02
-3.404778515818573936e-02
-3.387335870737701732e-02
-3.365320621555421138e-02
-3.340894775043503490e-02
-3.310891474903510101e-02
-3.279645276001905835e-02
-3.246118245071330510e-02
-3.209686781904361880e-02
-3.171865903619683347e-02
-3.129647585577782776e-02
-3.086182285873333847e-02
-3.039721515851181999e-02
-2.992247952316630377e-02
-2.947219857602519089e-02
-2.900441102205408850e-02
-2.851757066280832809e-02
-2.801995091519929315e-02
-2.750464957174680175e-02
-2.700354885001691671e-02
-2.651416488556356324e-02
-2.600658833846006962e-02
-2.551677336060648171e-02
-2.504544927558553097e-02
-2.460384394009178244e-02
-2.417651667018291817e-02
-2.377730325461563723e-02
-2.340848213292787486e-02
-2.304337789613488535e-02
-2.270722846695641395e-02
-2.241547381348234919e-02
-2.215507054459514916e-02
-2.192169221227513107e-02
-2.174893012417148178e-02
-2.160317503721041407e-02
-2.149131920867109261e-02
-2.143971895065541894e-02
-2.140016665417317221e-02
-2.137796866959647268e-02
-2.140281140102379479e-02
-2.144631887939717901e-02
-2.148725129236230338e-02
-2.156300434715451714e-02
-2.165646570570391519e-02
-2.178019773174269882e-02
-2.193499197107218537e-02
-2.214832541906138624e-02
-2.239831927173163012e-02
-2.266304092943837237e-02
-2.294814415548065978e-02
-2.327084938421343507e-02
-2.360192511116056963e-02
-2.393958017677339997e-02
-2.428765298595949793e-02
-2.467334881286776388e-02
-2.506267664054685068e-02
-2.544791693324107568e-02
-2.584748329261339975e-02
-2.622035447748880671e-02
-2.660776573300977291e-02
-2.698637391444102390e-02
-2.736072909633486747e-02
-2.774089041269130196e-02
-2.807721537951923113e-02
-2.839013111635665595e-02
-2.866518701808652009e-02
-2.889277813107019033e-02
-2.908993943152334352e-02
-2.923543338442533696e-02
-2.934190206769819384e-02
-2.941137874135927449e-02
-2.946058249842000917e-02
-2.945362695650920529e-02
-2.938203817336444701e-02
-2.929529179647719778e-02
-2.917188503960107399e-02
-2.900715021982912603e-02
-2.880013622242087387e-02
-2.856298580511851606e-02
-2.828733017018099372e-02
-2.797407368034256561e-02
-2.763592417221158101e-02
-2.727397218069180923e-02
-2.689156443877999819e-02
-2.648690315005743784e-02
-2.606945346355761875e-02
-2.564419254987447203e-02
-2.523231380649703856e-02
-2.484642452139599472e-02
-2.446820238697422836e-02
-2.409623951542263012e-02
-2.374750094309212647e-02
-2.343161412364184321e-02
-2.314673736768760315e-02
-2.288016790278827456e-02
-2.263232781492409071e-02
-2.242413714086421289e-02
-2.226190896494810792e-02
-2.215426572301453650e-02
-2.209427085025065379e-02
-2.208449273318874306e-02
-2.213015660110876845e-02
-2.224579278301071217e-02
-2.239931905347239752e-02
-2.260924174391263503e-02
-2.286600989375133647e-02
-2.319614376257084221e-02
-2.357235314646326588e-02
-2.397462291777108234e-02
-2.442057820752113056e-02
-2.490928965720880933e-02
-2.540607577818784074e-02
-2.591096360892581468e-02
-2.643482596341906535e-02
-2.697796130571791795e-02
-2.750924443783670306e-02
-2.804823216017284307e-02
-2.858356204431158204e-02
-2.912555877456620215e-02
-2.964449872732356425e-02
-3.015308144611724556e-02
-3.065447372158586897e-02
-3.114420703712075800e-02
-3.162269523225633844e-02
-3.207860662445002897e-02
-3.253069664503032560e-02
-3.294543070398608942e-02
-3.332221214972196088e-02
-3.365540267193150442e-02
-3.394007083733429492e-02
-3.417322108994276519e-02
-3.436411818410190638e-02
-3.454399776532965372e-02
-3.466873890600026542e-02
-3.475304619774027826e-02
-3.479200123240652753e-02
-3.480175711631940116e-02
-3.477544157862764301e-02
-3.471970161026659285e-02
-3.465974434003961380e-02
-3.460629854002691963e-02
-3.454771938133755632e-02
-3.446810279419589701e-02
-3.439727501601363285e-02
-3.433462625242706540e-02
-3.430022093055109383e-02
-3.425785757274767140e-02
-3.424852953099637859e-02
-3.425714258281495339e-02
-3.427332084135867318e-02
-3.431716898169821089e-02
-3.438545070440491430e-02
-3.448841593932182314e-02
-3.460280018499083121e-02
-3.472579305902956381e-02
-3.486717823829883767e-02
-3.501816262439501337e-02
-3.518522185733433116e-02
-3.535809012667139734e-02
-3.556395843391965683e-02
-3.580719101752971589e-02
-3.607390487991967570e-02
-3.637428525192477891e-02
-3.667385254362008629e-02
-3.698072739769457662e-02
-3.729675446918018916e-02
-3.760748608924473907e-02
-3.792553525182176810e-02
-3.820859278929960440e-02
-3.849953137250038127e-02
-3.879664676996412431e-02
-3.909175520949223492e-02
-3.938565526716485826e-02
-3.965580720461652636e-02
-3.990816496842607836e-02
-4.014783305865503304e-02
-4.037503524939956706e-02
-4.059234166994552667e-02
-4.079981059764497403e-02
-4.098193729268300584e-02
-4.114036175941146456e-02
-4.126271325730301170e-02
-4.136995622198498535e-02
-4.143212378599119700e-02
-4.146024536098966151e-02
-4.146208382046754487e-02
-4.142183324591766636e-02
-4.134560094627465904e-02
-4.122972272312561137e-02
-4.108439817485768503e-02
-4.090359972273995698e-02
-4.069832370819264494e-02
-4.046836055241628816e-02
-4.021225657038217383e-02
-3.992387603628973908e-02
-3.961727349734028153e-02
-3.927631098265553511e-02
-3.890603726460389877e-02
-3.851197379809861293e-02
-3.809907193481858190e-02
-3.763951229846531493e-02
-3.715151926205844529e-02
-3.664739620736565118e-02
-3.610986129977393488e-02
-3.555531698367613708e-02
-3.500893641916226484e-02
-3.446069208911635429e-02
-3.391352587302482596e-02
-3.335346056977389617e-02
-3.279188630854702746e-02
-3.224118817318448460e-02
-3.173442733610076782e-02
-3.123579024020922690e-02
-3.075413374576920628e-02
-3.029381488879058851e-02
-2.986029759197612182e-02
-2.943475498178324892e-02
-2.903883232805341830e-02
-2.865836953252841324e-02
-2.829698951812139804e-02
-2.796715254310428236e-02
-2.765446392477334883e-02
-2.740387609151003975e-02
-2.717733538354610151e-02
-2.696350392726728010e-02
-2.675313066991017591e-02
-2.657014164040669493e-02
-2.640750794522158870e-02
-2.622495952075359210e-02
-2.607098689588711882e-02
-2.593106687323072992e-02
-2.581579776675156646e-02
-2.572362868548109041e-02
-2.565895832417710437e-02
-2.560108602852122564e-02
-2.556337707274490556e-02
-2.549348568900807604e-02
-2.543915832195141682e-02
-2.540013480349997271e-02
-2.536242366798671655e-02
-2.534606256200796354e-02
-2.531685043926646533e-02
-2.526123537506291469e-02
-2.521335041536356195e-02
-2.518859128450165463e-02
-2.517626915622658487e-02
-2.517338856896840157e-02
-2.516124846279874094e-02
-2.516044005288246149e-02
-2.516377349648411116e-02
-2.519434205786623415e-02
-2.524231998769334989e-02
-2.529633906324901468e-02
-2.536994517188053549e-02
-2.546207395336941293e-02
-2.554762012686185788e-02
-2.562853277809129873e-02
-2.571246383695321644e-02
-2.581878617032808132e-02
-2.593735047152559425e-02
-2.605671444882611335e-02
-2.618958743280168366e-02
-2.634048870119617969e-02
-2.648346595623255612e-02
-2.666090749407234659e-02
-2.684177185268559265e-02
-2.703587074195063292e-02
-2.723046856852813155e-02
-2.738986812460821388e-02
-2.755814492488734002e-02
-2.772353937486399938e-02
-2.786600269998745771e-02
-2.798255857648317482e-02
-2.807959846493393585e-02
-2.820302559585331770e-02
-2.832385178772733533e-02
-2.841841064116579219e-02
-2.850253693605416319e-02
-2.860078766629499392e-02
-2.871040547045392369e-02
-2.880847818641529140e-02
-2.887113185354005934e-02
-2.894205364434060748e-02
-2.903525478750228900e-02
-2.912739947452752665e-02
-2.921880252008976844e-02
-2.934162551809371688e-02
-2.945733521793363063e-02
-2.956749323187977604e-02
-2.971050008650936991e-02
-2.986915300324625988e-02
-3.004370961939086329e-02
-3.025013523544883148e-02
-3.048316912188152664e-02
-3.072887454555593006e-02
-3.098641704457687218e-02
-3.124992770752434840e-02
-3.150854296051392583e-02
-3.175457780474690017e-02
-3.198902050788344359e-02
-3.225325052484221550e-02
-3.248690456064632498e-02
-3.270948521529238456e-02
-3.292594555902544212e-02
-3.310956327745646216e-02
-3.329886055254310806e-02
-3.350010952499189038e-02
-3.367839410625229901e-02
-3.382888733048585589e-02
-3.396881314826465798e-02
-3.410965657080688301e-02
-3.424646800319693096e-02
-3.435829742082515542e-02
-3.443910481819307395e-02
-3.448013171480438649e-02
-3.450050024726165898e-02
-3.450776824825795008e-02
-3.448702747148671421e-02
-3.443277527062209992e-02
-3.432565035160644457e-02
-3.421806824222946991e-02
-3.408028355168413875e-02
-3.389132629348795556e-02
-3.366421952895289754e-02
-3.340294235710748044e-02
-3.313525407943183898e-02
-3.284322289004332207e-02
-3.252366827994374737e-02
-3.217159315335825498e-02
-3.177693320081725198e-02
-3.135559053848778477e-02
-3.088746514449264638e-02
-3.039741998350794713e-02
-2.987901938909338223e-02
-2.931947972152377027e-02
-2.873192412183852781e-02
-2.813323279849367850e-02
-2.753077302682723285e-02
-2.692533268179038083e-02
-2.629985099454493561e-02
-2.567875637360815186e-02
-2.506036305053720853e-02
-2.441324089152661914e-02
-2.373613228546908246e-02
-2.307563071879924557e-02
-2.245087754028931432e-02
-2.185510914838063867e-02
-2.128010399091296440e-02
-2.070899510269207447e-02
-2.016109356692264917e-02
-1.962322943383634430e-02
-1.909581509823485637e-02
-1.858750458046981580e-02
-1.811513854494460271e-02
-1.767694794120651045e-02
-1.724936077984992946e-02
-1.686732044935379884e-02
-1.651467704311535348e-02
-1.619980630102964628e-02
-1.590906587209047277e-02
-1.560429636876982905e-02
-1.532354969699955931e-02
-1.507265484701828667e-02
-1.487069671308230250e-02
-1.472043764076777159e-02
-1.460915219091644957e-02
-1.454751098885767591e-02
-1.450837952929335921e-02
-1.450579716549392668e-02
-1.452320898015174028e-02
-1.459078788588124599e-02
-1.469174987196475608e-02
-1.482918829053633640e-02
-1.500586880069555186e-02
-1.519423602561587906e-02
-1.537742215306192074e-02
-1.556085224039124859e-02
-1.573537573138415746e-02
-1.589918425887068207e-02
-1.607215084523195073e-02
-1.626671967897264787e-02
-1.644362011936622778e-02
-1.663337177531814745e-02
-1.680609215530528069e-02
-1.696087871765417088e-02
-1.708827503780723997e-02
-1.722025577596287063e-02
-1.730195772049865355e-02
-1.735834826512400175e-02
-1.739241129898322011e-02
-1.738697740212872753e-02
-1.733792301744028000e-02
-1.723860169363508610e-02
-1.710516041516995170e-02
-1.690237277204315394e-02
-1.663602931064132179e-02
-1.630709512559753646e-02
-1.594176138859791647e-02
-1.548313643610520207e-02
-1.496111635499101228e-02
-1.438545681880861078e-02
-1.377913886233187932e-02
-1.311012824273562020e-02
-1.237327995464742106e-02
-1.160845997051722020e-02
-1.079260510933349043e-02
-9.952616792488924377e-03
-9.089413698626210014e-03
-8.185404344125686571e-03
-7.290124345789301095e-03
-6.380597696026036290e-03
-5.448017514219184905e-03
-4.525664768618128768e-03
-3.601702983452722499e-03
-2.688621088726822744e-03
-1.811188946498389031e-03
-9.610848392393188432e-04
-1.331119997038838229e-04
6.457041056937287086e-04
1.391604398615112551e-03
2.110520443659887318e-03
2.753251032645805292e-03
3.336660016686086513e-03
3.853089014174149781e-03
