0.100000	0.743362 0.709768 0.739078 0.770494 0.777063 0.767763 0.774341 0.777792 0.804433 0.786534 0.801039 0.776754 0.792188 0.794989 0.761718 0.778580 0.790180 0.778407 0.790455 0.761224 
0.110000	0.752972 0.755987 0.760985 0.766682 0.757100 0.793172 0.813681 0.807665 0.792472 0.812525 0.783963 0.780961 0.812324 0.794404 0.816038 0.809862 0.825527 0.817924 0.802189 0.805683 
0.120000	0.758495 0.760832 0.779930 0.756370 0.773210 0.833008 0.792453 0.790991 0.794685 0.837152 0.835008 0.823515 0.815151 0.817501 0.825662 0.836380 0.832948 0.824630 0.826280 0.821733 
0.130000	0.748187 0.756539 0.783164 0.771845 0.807340 0.816528 0.811491 0.806900 0.802881 0.795275 0.802162 0.818172 0.811945 0.837213 0.817073 0.819089 0.830600 0.832509 0.799028 0.835367 
0.140000	0.764878 0.802377 0.819888 0.795884 0.814142 0.799734 0.814804 0.779446 0.811898 0.868599 0.826436 0.820680 0.838223 0.844299 0.833587 0.854821 0.782562 0.839080 0.843241 0.839126 
0.150000	0.793222 0.764443 0.812292 0.773208 0.811353 0.837223 0.824583 0.814619 0.819367 0.814752 0.867923 0.848155 0.851214 0.848760 0.868923 0.802690 0.817460 0.846602 0.854682 0.844143 
0.160000	0.777144 0.775843 0.776615 0.813709 0.790897 0.849831 0.819962 0.858387 0.850936 0.825218 0.843758 0.824401 0.828900 0.844369 0.846185 0.843386 0.858805 0.836720 0.852715 0.857521 
0.170000	0.794801 0.851488 0.821328 0.831143 0.835751 0.839758 0.861584 0.872144 0.892406 0.855675 0.841891 0.858200 0.828724 0.876028 0.909386 0.861364 0.884636 0.886125 0.854413 0.829380 
0.180000	0.798482 0.774502 0.819415 0.828378 0.826950 0.849166 0.866844 0.870591 0.881902 0.843321 0.820222 0.862809 0.875836 0.851017 0.834031 0.880750 0.857081 0.850013 0.873386 0.861765 
0.190000	0.784727 0.789547 0.830924 0.809196 0.812348 0.862745 0.868447 0.859174 0.846482 0.857657 0.888613 0.857161 0.880089 0.848337 0.858071 0.893347 0.848429 0.891741 0.895863 0.891666 
0.200000	0.844241 0.844382 0.833641 0.917334 0.865689 0.854129 0.874703 0.866308 0.868971 0.886856 0.863703 0.880947 0.893086 0.877633 0.854081 0.911778 0.865708 0.836452 0.933900 0.865269 
0.210000	0.837606 0.849512 0.860106 0.853636 0.884119 0.893666 0.858281 0.888074 0.885288 0.880787 0.884889 0.903080 0.872587 0.819348 0.910626 0.914568 0.893479 0.888192 0.905299 0.841374 
0.220000	0.841348 0.870906 0.862078 0.881457 0.843399 0.888106 0.859454 0.871628 0.867615 0.891067 0.897904 0.881582 0.867154 0.857022 0.925249 0.877516 0.850357 0.904014 0.919027 0.865284 
0.230000	0.860332 0.885490 0.893354 0.904080 0.910408 0.884426 0.912448 0.884258 0.897329 0.898313 0.908597 0.905185 0.917510 0.914557 0.937257 0.907345 0.920582 0.896516 0.933946 0.909454 
0.240000	0.857392 0.871488 0.917325 0.887774 0.912901 0.915003 0.890559 0.930101 0.931150 0.905629 0.885036 0.897921 0.942781 0.919628 0.907268 0.932822 0.952989 0.921526 0.902156 0.918835 
0.250000	0.904781 0.922157 0.900636 0.935851 0.879592 0.886358 0.889374 0.930881 0.935572 0.941724 0.915915 0.903954 0.978657 0.934383 0.959843 0.950309 0.927206 0.930668 0.905009 0.933099 
0.260000	0.888188 0.905132 0.873305 0.894262 0.919740 0.903156 0.917576 0.928035 0.961762 0.928689 0.936068 0.931327 0.954330 0.971277 0.945606 0.963100 0.966124 0.915443 0.913516 0.960596 
0.270000	0.923509 0.887449 0.891603 0.898796 0.932894 0.939732 0.915349 0.914741 0.937143 0.890683 0.901288 0.906940 0.914089 0.946031 0.873330 0.933479 0.932499 0.935086 0.909700 0.957701 
0.280000	0.941475 0.950771 0.909413 0.927819 0.958239 0.931279 0.924461 0.960385 0.969623 0.918909 0.962897 0.938505 0.982244 0.948500 0.914155 0.954013 0.977690 0.925880 0.896263 0.990002 
0.290000	0.973109 0.900657 0.939790 0.939325 0.921365 0.937958 0.924007 0.935838 0.935043 0.934248 0.934128 0.976243 0.970554 0.943916 0.982139 0.946230 0.963063 0.995345 0.975449 0.944269 
0.300000	0.898583 0.893882 0.924169 0.886740 0.958110 0.934572 0.954243 0.939199 0.904830 0.960577 0.961603 0.986716 0.960787 0.940337 0.979017 0.976743 0.957781 0.919845 0.923962 0.939516 
0.310000	0.908636 0.947670 0.944168 0.939599 0.965799 0.954136 0.990955 0.986965 0.968184 0.982949 1.020105 1.002591 0.993962 0.990558 1.013910 0.991038 1.017113 1.015589 1.018439 0.943878 
0.320000	0.955665 0.970791 0.949252 0.958076 1.009756 0.971214 0.974944 1.026040 0.997816 0.977041 1.005513 0.980282 0.981007 0.973860 0.979640 1.022280 0.986992 1.015513 0.966570 0.980571 
0.330000	0.944393 0.989857 0.961493 0.958816 0.944748 1.018488 0.991603 0.979553 1.007723 0.965323 1.022140 0.989281 1.030532 0.992177 0.973761 1.037082 1.015377 1.038173 0.983399 0.998663 
0.340000	0.951176 0.943690 1.016270 0.941302 0.993746 1.023157 0.967944 0.973213 0.948089 0.989491 1.002912 1.001542 0.998832 1.031648 1.026480 0.972790 0.987181 0.990776 0.963925 1.014987 
0.350000	0.992965 0.979006 1.006033 0.993373 1.006945 1.018284 1.024683 1.007068 1.001169 0.992994 0.989044 1.014235 0.965519 0.969471 1.016368 0.992853 1.011837 0.982729 1.026983 1.036868 
0.360000	0.985210 0.962972 0.990369 0.983086 0.961485 1.024181 1.028713 1.018263 1.047400 0.985100 1.046744 1.001912 0.973155 1.030666 0.981843 1.007800 1.082715 1.027445 0.982701 0.964906 
0.370000	0.946104 0.931344 0.998122 1.001774 1.006527 0.995368 1.023465 1.029866 1.021526 1.012114 1.005345 1.044271 1.022950 1.017376 1.084691 1.001107 1.000543 1.000517 1.062792 1.038089 
0.380000	0.936105 1.024388 0.986583 1.000681 1.007910 1.043501 1.020533 1.029162 1.057281 1.058748 1.013546 1.034131 1.026433 1.006675 1.020583 1.009784 1.043946 1.079209 1.047930 1.023971 
0.390000	1.065203 1.034015 1.007797 1.062778 1.059107 1.100744 1.058910 1.043917 1.063970 1.065951 1.044339 1.098846 1.104524 1.004700 1.065316 1.020622 1.046810 1.030990 1.018689 1.023082 
0.400000	1.015473 1.025391 0.996348 1.074692 1.024609 1.063145 1.047541 1.068283 1.045767 1.046500 1.043752 1.072484 1.052282 1.046333 1.071076 1.063182 1.062429 0.996221 1.101534 1.041518 
0.410000	1.054684 1.016969 1.053550 1.064239 1.107747 1.089384 1.028835 1.058399 1.070884 1.081302 1.085966 1.071647 1.086419 1.087006 1.071165 1.069061 1.058886 1.130364 1.077572 1.112496 
0.420000	1.027085 1.053213 1.035737 1.057334 1.040747 1.044907 1.071299 1.066317 1.065832 1.083133 1.051202 1.090489 1.094825 1.064810 1.071095 1.028228 1.079319 1.092073 1.053182 1.022574 
0.430000	1.079665 1.045275 1.069080 1.054016 1.045303 1.071760 1.027761 1.080615 1.111967 1.137452 1.139724 1.101382 1.086309 1.148963 1.087404 1.114703 1.119161 1.156955 1.136755 1.121350 
0.440000	1.050607 1.033975 1.034120 1.068539 1.043932 1.076044 1.039529 1.063004 1.074071 1.086806 1.094364 1.076328 1.094504 1.042641 1.087504 1.090526 1.031834 1.057439 1.032659 1.098919 
0.450000	1.074012 1.076583 1.116734 1.093988 1.065136 1.068804 1.066699 1.121521 1.095101 1.119983 1.100641 1.075304 1.125181 1.120660 1.158995 1.147234 1.097975 1.092731 1.088288 1.165926 
0.460000	1.071017 1.085790 1.059523 1.102854 1.166799 1.096195 1.109462 1.044496 1.075245 1.057438 1.133699 1.154638 1.073343 1.121981 1.103201 1.139071 1.133066 1.078028 1.099683 1.068415 
0.470000	1.059731 1.070138 1.087935 1.110702 1.078920 1.060057 1.073231 1.118832 1.113594 1.105780 1.115478 1.141657 1.108166 1.142737 1.132739 1.093067 1.096321 1.113811 1.123808 1.090068 
0.480000	1.132324 1.147584 1.172780 1.136269 1.190140 1.129069 1.102677 1.112700 1.103454 1.134410 1.090277 1.130651 1.087310 1.099009 1.127207 1.154465 1.100959 1.191265 1.138136 1.134802 
0.490000	1.089850 1.092735 1.118495 1.096121 1.075113 1.051905 1.092505 1.058043 1.066232 1.095718 1.079450 1.118556 1.136505 1.030565 1.091814 1.109557 1.153652 1.133958 1.088344 1.087193 
0.500000	1.144234 1.097200 1.127478 1.126775 1.114578 1.163349 1.117576 1.164967 1.191945 1.154583 1.124537 1.149624 1.116363 1.128450 1.164701 1.112822 1.120787 1.155711 1.154769 1.175729 
0.510000	1.145526 1.177658 1.130765 1.136214 1.146663 1.117342 1.130448 1.124875 1.082147 1.135983 1.117911 1.166087 1.177416 1.120875 1.169275 1.159372 1.148078 1.166560 1.187090 1.138901 
0.520000	1.152102 1.149576 1.113966 1.204483 1.172358 1.153926 1.208760 1.169229 1.140708 1.153967 1.171399 1.194046 1.140417 1.195907 1.147982 1.166458 1.135331 1.144151 1.203680 1.156481 
0.530000	1.134561 1.102853 1.152658 1.127825 1.157753 1.154383 1.113891 1.155090 1.217966 1.172073 1.136789 1.139923 1.173431 1.137523 1.196987 1.150872 1.183884 1.136214 1.168334 1.114963 
0.540000	1.135829 1.119494 1.134136 1.143018 1.114824 1.099734 1.148713 1.119339 1.186703 1.197131 1.122469 1.149598 1.119501 1.164423 1.183274 1.129708 1.147849 1.119052 1.186236 1.170665 
0.550000	1.121400 1.098446 1.185240 1.191562 1.173031 1.153312 1.165769 1.164727 1.156137 1.158100 1.186412 1.143599 1.192272 1.176617 1.152024 1.201489 1.178646 1.139046 1.142372 1.167909 
0.560000	1.155873 1.180471 1.153365 1.186163 1.162511 1.215016 1.178737 1.198721 1.202487 1.186504 1.157140 1.166723 1.138960 1.194426 1.147650 1.181528 1.162105 1.123215 1.153647 1.186672 
0.570000	1.145052 1.093194 1.164075 1.197452 1.189619 1.127217 1.168223 1.156652 1.150686 1.207927 1.221815 1.198160 1.235563 1.158927 1.220977 1.195886 1.171956 1.209911 1.191394 1.191672 
0.580000	1.252789 1.168694 1.183819 1.160701 1.237355 1.168828 1.166510 1.251553 1.152628 1.155796 1.203721 1.163215 1.218987 1.195455 1.226133 1.202287 1.191348 1.234121 1.190386 1.210335 
0.590000	1.207008 1.197492 1.222097 1.194230 1.221892 1.240628 1.208741 1.247349 1.256410 1.247673 1.233900 1.249846 1.235964 1.247010 1.242385 1.252933 1.242373 1.291429 1.228227 1.240306 
0.600000	1.211007 1.297734 1.218368 1.246971 1.282006 1.295017 1.263138 1.252599 1.224040 1.267096 1.261093 1.241042 1.224445 1.234760 1.247311 1.270738 1.293621 1.252303 1.255581 1.272631 
0.610000	1.211682 1.183951 1.227894 1.210204 1.270690 1.255278 1.240610 1.242726 1.230552 1.207805 1.259234 1.243577 1.292545 1.203481 1.264665 1.264742 1.242269 1.295616 1.251262 1.204952 
0.620000	1.209401 1.239042 1.221611 1.227639 1.273734 1.254637 1.253692 1.250199 1.246143 1.241858 1.261301 1.248643 1.231979 1.289764 1.214074 1.204931 1.307896 1.245604 1.212442 1.212389 
0.630000	1.289854 1.227976 1.223146 1.220067 1.243402 1.299993 1.200670 1.257503 1.261010 1.237542 1.252027 1.232071 1.249676 1.235258 1.228747 1.281339 1.249175 1.218865 1.224088 1.223555 
0.640000	1.205369 1.203721 1.267946 1.254391 1.201938 1.219886 1.226020 1.281371 1.235954 1.315159 1.235744 1.203226 1.247076 1.265151 1.267836 1.251285 1.261789 1.277024 1.279466 1.237700 
0.650000	1.260043 1.231936 1.256665 1.201536 1.275752 1.252740 1.233885 1.254690 1.238733 1.238546 1.240661 1.191959 1.287736 1.271547 1.283880 1.236914 1.287930 1.223033 1.243255 1.252453 
0.660000	1.304380 1.321652 1.222250 1.252371 1.276924 1.280191 1.241272 1.238288 1.251008 1.260144 1.261172 1.264550 1.273085 1.249867 1.306311 1.231021 1.275872 1.276137 1.310060 1.305282 
0.670000	1.238165 1.271434 1.221500 1.270146 1.229130 1.225702 1.240961 1.241415 1.217698 1.246453 1.205339 1.263659 1.210956 1.217783 1.249785 1.237078 1.190919 1.246961 1.267389 1.254497 
0.680000	1.332240 1.287981 1.281381 1.271379 1.338239 1.335964 1.304522 1.339664 1.282160 1.351000 1.350180 1.310128 1.288955 1.330403 1.285417 1.304484 1.324061 1.276738 1.380223 1.284301 
0.690000	1.349851 1.323233 1.327018 1.312716 1.363422 1.349424 1.355874 1.383497 1.398685 1.303789 1.354161 1.394069 1.319451 1.327330 1.389723 1.324184 1.374214 1.309719 1.341547 1.386550 
0.700000	1.325594 1.297578 1.286764 1.371958 1.283146 1.355869 1.303465 1.259144 1.370955 1.343788 1.343051 1.365611 1.304633 1.349186 1.314242 1.331952 1.300881 1.297537 1.351187 1.353919 
0.710000	1.305816 1.229905 1.300130 1.220831 1.299775 1.257903 1.240621 1.237685 1.324862 1.275828 1.330185 1.299659 1.287809 1.322281 1.328463 1.257609 1.330234 1.303887 1.314607 1.318870 
0.720000	1.310989 1.292864 1.281562 1.338171 1.280426 1.258354 1.338205 1.369305 1.307037 1.345690 1.301873 1.332096 1.325760 1.308624 1.291988 1.349297 1.364440 1.302761 1.286027 1.312240 
0.730000	1.277153 1.330948 1.293535 1.289178 1.324581 1.349741 1.363793 1.327855 1.334127 1.344633 1.348414 1.269085 1.348963 1.307640 1.350294 1.333715 1.284653 1.311600 1.373284 1.340643 
0.740000	1.328548 1.284334 1.329688 1.345247 1.397984 1.324863 1.300056 1.352075 1.300184 1.347833 1.312312 1.330409 1.377618 1.327921 1.342854 1.353095 1.353723 1.350283 1.287376 1.345177 
0.750000	1.285427 1.258866 1.269053 1.313664 1.308418 1.297817 1.294647 1.316759 1.346039 1.295422 1.306379 1.342859 1.295970 1.273269 1.266678 1.204922 1.290480 1.311521 1.305354 1.350517 
0.760000	1.318142 1.312270 1.355695 1.288338 1.307732 1.344975 1.314713 1.285605 1.290233 1.303271 1.277353 1.288064 1.309976 1.363627 1.284270 1.330723 1.320712 1.324808 1.325487 1.345877 
0.770000	1.366766 1.424976 1.345455 1.376993 1.341578 1.391204 1.370962 1.363286 1.389701 1.455175 1.386254 1.337117 1.358383 1.428272 1.315326 1.396867 1.444413 1.409091 1.389656 1.417204 
0.780000	1.425273 1.338293 1.328509 1.347937 1.381842 1.393607 1.320359 1.374834 1.345036 1.341785 1.329928 1.335548 1.302508 1.361009 1.350806 1.366895 1.407571 1.400692 1.393285 1.353003 
0.790000	1.393378 1.364123 1.420141 1.441923 1.413581 1.383310 1.396622 1.353070 1.374971 1.455764 1.384125 1.443499 1.427458 1.385203 1.388512 1.350783 1.438455 1.435497 1.448899 1.368169 
0.800000	1.387924 1.381266 1.368513 1.407285 1.383692 1.339834 1.388876 1.352678 1.435741 1.346007 1.351283 1.362150 1.362911 1.317432 1.369268 1.390075 1.404409 1.367483 1.352672 1.352899 
0.810000	1.334260 1.393324 1.391835 1.351386 1.429897 1.372679 1.421115 1.399001 1.420169 1.396032 1.422445 1.417775 1.371116 1.411976 1.368703 1.413294 1.422867 1.388248 1.419814 1.388908 
0.820000	1.368528 1.332351 1.445549 1.425451 1.441839 1.404314 1.445207 1.416818 1.331909 1.409543 1.427961 1.388957 1.422136 1.365372 1.377934 1.392416 1.438184 1.372951 1.371709 1.383612 
0.830000	1.332653 1.373507 1.419005 1.376139 1.429357 1.368815 1.346013 1.347980 1.389752 1.379308 1.372119 1.357104 1.343800 1.419760 1.391489 1.405457 1.367801 1.362404 1.348522 1.399173 
0.840000	1.377526 1.402087 1.403135 1.398624 1.405011 1.401885 1.385963 1.442656 1.331579 1.368353 1.444991 1.352562 1.402655 1.339385 1.368802 1.416115 1.374180 1.417474 1.457260 1.375269 
0.850000	1.420859 1.403649 1.445421 1.428720 1.473806 1.477029 1.474326 1.456938 1.466018 1.458567 1.439402 1.386599 1.410255 1.443959 1.474588 1.510142 1.400823 1.443406 1.447494 1.441642 
0.860000	1.433801 1.432788 1.420936 1.490972 1.432204 1.445257 1.505154 1.474877 1.481767 1.501067 1.454455 1.444520 1.482646 1.476187 1.543125 1.475549 1.442877 1.522805 1.507002 1.463947 
0.870000	1.425961 1.410033 1.415743 1.428648 1.450490 1.499733 1.413405 1.386512 1.402508 1.442133 1.390807 1.422718 1.390903 1.462436 1.434698 1.383836 1.421642 1.403317 1.358695 1.390800 
0.880000	1.503190 1.454531 1.509514 1.520444 1.505642 1.521095 1.505570 1.538831 1.521759 1.499581 1.457140 1.481452 1.441601 1.536915 1.471361 1.526345 1.499437 1.596057 1.480425 1.487720 
0.890000	1.369285 1.467332 1.375042 1.430493 1.426526 1.412534 1.465791 1.424943 1.474614 1.473767 1.446069 1.379428 1.360076 1.395404 1.451536 1.412735 1.441133 1.436801 1.403471 1.443399 
0.900000	1.432904 1.433234 1.460661 1.443372 1.385164 1.417991 1.500931 1.443010 1.463616 1.476164 1.493032 1.524453 1.459296 1.443691 1.476923 1.445203 1.475159 1.464115 1.462923 1.452755 
0.910000	1.527410 1.434029 1.479063 1.439374 1.542360 1.501771 1.492060 1.445451 1.496520 1.481340 1.477000 1.482793 1.469831 1.460276 1.545816 1.485561 1.432604 1.524453 1.487481 1.509609 
0.920000	1.429505 1.511752 1.435505 1.531202 1.451332 1.393082 1.516352 1.471082 1.540781 1.480144 1.499392 1.517551 1.482867 1.449418 1.495385 1.512897 1.435882 1.449739 1.458995 1.460197 
0.930000	1.426433 1.542817 1.557102 1.483829 1.469143 1.480504 1.503937 1.537479 1.514358 1.490628 1.483401 1.437532 1.495957 1.494677 1.500756 1.485818 1.504745 1.484359 1.536444 1.532824 
0.940000	1.566456 1.490787 1.577807 1.521423 1.491532 1.547969 1.518082 1.555402 1.535418 1.528475 1.606729 1.536692 1.572520 1.597838 1.617752 1.602999 1.549738 1.561270 1.595512 1.599495 
0.950000	1.497656 1.497468 1.506724 1.511119 1.465095 1.466054 1.521496 1.457058 1.535659 1.440955 1.492701 1.445447 1.479654 1.503310 1.536028 1.514372 1.520470 1.520224 1.536085 1.469662 
0.960000	1.488699 1.569845 1.460732 1.505197 1.489975 1.532671 1.571589 1.477274 1.457961 1.446510 1.489325 1.419599 1.512119 1.518220 1.506633 1.558626 1.530652 1.523377 1.481364 1.501645 
0.970000	1.634045 1.600375 1.574392 1.582060 1.581731 1.556308 1.560426 1.625818 1.577226 1.615534 1.543178 1.567424 1.584555 1.572588 1.581165 1.580233 1.647154 1.600270 1.554603 1.615147 
0.980000	1.588892 1.516390 1.637663 1.612286 1.620393 1.601695 1.558020 1.559732 1.579834 1.547815 1.556275 1.591925 1.601992 1.631869 1.675150 1.582997 1.632301 1.545279 1.586437 1.596484 
0.990000	1.500634 1.513130 1.569661 1.526721 1.531782 1.555617 1.517417 1.514084 1.569729 1.533793 1.544384 1.485059 1.501766 1.566064 1.555057 1.568087 1.534224 1.566532 1.538013 1.559764 
1.000000	1.613502 1.536168 1.580022 1.598673 1.577635 1.569312 1.595705 1.616672 1.579548 1.604593 1.580974 1.578015 1.653828 1.603008 1.642402 1.609630 1.630721 1.590665 1.684779 1.610248 
1.010000	1.461970 1.551484 1.506358 1.577443 1.537079 1.549555 1.496491 1.613019 1.538768 1.579716 1.555133 1.533674 1.568535 1.543998 1.531341 1.491794 1.469903 1.598354 1.562765 1.549030 
1.020000	1.506954 1.597215 1.591094 1.549791 1.613214 1.611541 1.593007 1.573429 1.556848 1.622227 1.551226 1.597009 1.610517 1.536488 1.619958 1.610827 1.565725 1.518887 1.615350 1.513726 
1.030000	1.545471 1.573066 1.627346 1.608613 1.633418 1.555783 1.579094 1.623271 1.577172 1.594970 1.567035 1.623712 1.601786 1.641335 1.511154 1.697189 1.633392 1.582318 1.585914 1.648025 
1.040000	1.607099 1.541303 1.584571 1.551518 1.600109 1.582476 1.655462 1.614428 1.557844 1.579711 1.585814 1.641751 1.634520 1.551984 1.603764 1.597269 1.610285 1.644630 1.553401 1.601284 
1.050000	1.603515 1.597163 1.696576 1.571704 1.666813 1.672475 1.660359 1.711166 1.577181 1.681542 1.655053 1.601051 1.672349 1.629928 1.637729 1.558028 1.677401 1.618171 1.633288 1.619185 
1.060000	1.614866 1.650676 1.654293 1.635572 1.732551 1.560532 1.586153 1.638615 1.696387 1.603464 1.717609 1.636965 1.517849 1.678736 1.667161 1.617219 1.651758 1.669574 1.646856 1.641367 
1.070000	1.635154 1.638257 1.637817 1.551141 1.629466 1.611740 1.611670 1.579374 1.600232 1.628168 1.671047 1.663209 1.581203 1.531972 1.674314 1.660252 1.654965 1.648620 1.603540 1.647234 
1.080000	1.658058 1.661513 1.602714 1.619851 1.689983 1.697072 1.600898 1.633995 1.669890 1.644402 1.620673 1.624552 1.631592 1.563613 1.631841 1.608734 1.661404 1.656134 1.616791 1.603369 
1.090000	1.622752 1.558649 1.601348 1.528915 1.588263 1.633105 1.571315 1.619365 1.543039 1.622032 1.536375 1.615014 1.643687 1.580222 1.656007 1.547536 1.628019 1.567924 1.569672 1.626555 
1.100000	1.677306 1.649001 1.636308 1.566258 1.695454 1.688625 1.678218 1.584369 1.657490 1.710416 1.590113 1.608594 1.689888 1.687889 1.620025 1.693479 1.706253 1.701343 1.584998 1.670682 
1.110000	1.658430 1.666569 1.711472 1.683759 1.724964 1.667035 1.638392 1.726634 1.686257 1.648436 1.652530 1.689971 1.623146 1.586626 1.739245 1.705987 1.674378 1.720623 1.624759 1.621343 
1.120000	1.695568 1.734000 1.699754 1.701746 1.707241 1.767397 1.697514 1.712497 1.721106 1.654972 1.746481 1.734395 1.661711 1.755190 1.704188 1.670914 1.682397 1.692543 1.592106 1.661322 
1.130000	1.696888 1.634538 1.676900 1.648116 1.604414 1.649503 1.690714 1.658908 1.736131 1.622349 1.592695 1.654278 1.627493 1.674010 1.725848 1.653021 1.748068 1.627734 1.747128 1.657402 
1.140000	1.693966 1.723986 1.667447 1.686455 1.695603 1.728336 1.711444 1.735547 1.706159 1.726048 1.631746 1.690008 1.719774 1.726604 1.754054 1.775940 1.761764 1.607713 1.749317 1.736680 
1.150000	1.743427 1.666491 1.691083 1.676419 1.652017 1.668650 1.645220 1.775344 1.753210 1.688084 1.710558 1.723081 1.708851 1.698586 1.696939 1.704715 1.740389 1.664596 1.718078 1.705847 
1.160000	1.694119 1.783722 1.808820 1.702675 1.794270 1.709650 1.756023 1.743353 1.725294 1.789103 1.792672 1.818227 1.795910 1.801858 1.757337 1.766918 1.773342 1.670095 1.656909 1.746773 
1.170000	1.795909 1.717915 1.750345 1.783580 1.746315 1.804355 1.808916 1.692379 1.747478 1.809303 1.784690 1.741121 1.753353 1.860608 1.749121 1.809932 1.808535 1.725047 1.730339 1.756611 
1.180000	1.747761 1.808366 1.696724 1.805304 1.817714 1.785568 1.732156 1.731399 1.782666 1.728623 1.783517 1.761000 1.709931 1.850255 1.783503 1.765593 1.727346 1.830471 1.817595 1.826717 
1.190000	1.624515 1.671329 1.676874 1.659609 1.697783 1.691123 1.718566 1.679610 1.698072 1.724402 1.663387 1.690524 1.737057 1.645961 1.755080 1.676486 1.691220 1.656963 1.723135 1.765726 
1.200000	1.736122 1.674435 1.671115 1.726587 1.742766 1.782482 1.764206 1.727257 1.713359 1.805089 1.737009 1.795279 1.735965 1.763001 1.744754 1.798805 1.802304 1.735484 1.821871 1.768951 
1.210000	1.781656 1.773051 1.782622 1.742505 1.748006 1.800409 1.776538 1.757043 1.827223 1.840479 1.789859 1.786412 1.770781 1.802475 1.785124 1.730215 1.727837 1.783457 1.842470 1.866852 
1.220000	1.754842 1.812239 1.804685 1.787845 1.794092 1.806690 1.768866 1.800285 1.845315 1.752824 1.832431 1.820088 1.874334 1.812879 1.904283 1.887129 1.849188 1.826209 1.868291 1.845306 
1.230000	1.827603 1.890703 1.829566 1.791885 1.864196 1.862151 1.780606 1.798075 1.769877 1.872312 1.858583 1.813476 1.826763 1.850801 1.795449 1.815995 1.816721 1.863190 1.806099 1.827192 
1.240000	1.808059 1.832848 1.824945 1.867561 1.881015 1.896602 1.873899 1.946237 1.839079 1.849795 1.831433 1.902576 1.797357 1.855864 1.803126 1.902389 1.862560 1.788330 1.915340 1.779983 
1.250000	1.898705 1.859926 1.844417 1.927294 1.898210 1.916619 1.885484 1.854591 1.906285 1.871312 1.850932 1.909004 1.885741 1.962998 1.925865 1.850845 1.851573 1.927367 1.965849 1.909492 
1.260000	1.771487 1.774224 1.809997 1.808985 1.782736 1.782366 1.840218 1.767270 1.819874 1.831547 1.835928 1.823253 1.834332 1.857728 1.815576 1.837170 1.819459 1.789109 1.848686 1.848175 
1.270000	1.832100 1.674637 1.733760 1.755215 1.816896 1.745491 1.860176 1.746673 1.828636 1.831886 1.785191 1.895872 1.790815 1.818521 1.778991 1.798151 1.786772 1.824315 1.813997 1.728463 
1.280000	1.780178 1.806551 1.800722 1.884460 1.854762 1.826665 1.808865 1.812435 1.781967 1.853457 1.842334 1.833317 1.809739 1.739456 1.901528 1.824560 1.808324 1.808939 1.802102 1.827906 
1.290000	1.795477 1.917589 1.788103 1.902102 1.769626 1.763394 1.808754 1.856900 1.785951 1.853439 1.840545 1.812029 1.802031 1.782842 1.843109 1.825249 1.866486 1.885678 1.863591 1.875466 
1.300000	1.863021 1.807970 1.811209 1.868729 1.829890 1.809134 1.838269 1.813993 1.804737 1.871258 1.855197 1.839279 1.885516 1.812308 1.784898 1.897177 1.880117 1.850614 1.852636 1.810747 
1.310000	1.941983 1.931423 1.938713 1.886689 1.884557 1.822039 1.895824 1.862698 1.908024 1.882993 1.881010 1.848456 1.920920 1.848987 1.963797 1.902251 1.932105 1.840121 1.899296 1.951543 
1.320000	1.842903 1.921159 1.868156 1.817482 1.875191 1.838302 1.893382 1.886340 1.973591 1.854320 1.954809 1.889299 1.937046 1.923170 1.905885 1.856812 1.996367 1.880652 1.939331 1.947267 
1.330000	1.901443 1.967867 1.969043 1.939025 1.886845 1.985143 2.001307 1.915354 1.947201 1.961542 1.980965 1.844055 1.911269 1.824092 1.879753 1.922373 1.901954 1.956494 1.955448 1.977062 
1.340000	1.883727 1.922107 1.953141 1.839512 1.824035 1.877724 1.884783 1.922412 1.862189 1.850425 1.859519 1.761323 1.847330 1.850411 1.855142 1.872805 1.816207 1.897477 1.821012 1.784130 
1.350000	1.980999 1.935037 1.885616 1.828344 1.892718 1.866192 1.888695 1.891121 1.864642 1.938775 1.799389 1.919269 1.916120 2.011922 1.859281 1.900199 1.998947 1.906518 1.859754 1.919677 
1.360000	1.946077 1.976750 2.023177 1.939003 1.978376 2.007316 2.003692 1.990365 1.989150 1.992941 1.937896 1.948613 1.994995 1.959250 2.004896 2.003031 1.979850 1.971612 2.034429 1.951988 
1.370000	1.955880 1.899765 2.046943 1.894668 1.942074 2.022398 2.022795 2.036837 1.954397 2.043897 2.017872 2.056436 2.047887 2.015149 2.052200 1.956373 1.983102 1.991043 2.029876 1.986808 
1.380000	1.941599 1.995771 2.067524 2.021086 2.067405 1.971336 2.047921 2.014547 2.075156 1.983829 1.988551 1.966929 1.946324 2.035499 2.049816 1.966529 2.034546 2.006840 2.043269 1.941235 
1.390000	1.846847 1.913518 1.836362 1.877241 1.960047 1.960467 1.869047 1.949105 1.857503 1.870040 1.820774 1.927658 1.856723 1.844340 1.914243 1.999276 1.862006 1.934162 1.899985 1.865662 
1.400000	2.075613 2.017218 2.050786 1.974202 1.906746 1.950213 1.947884 1.926623 2.027905 1.859561 1.980305 2.048680 2.000679 1.968340 1.951221 1.940172 1.977896 1.938207 1.967362 1.982870 
1.410000	1.854812 1.919647 1.953725 1.926468 1.901657 1.887934 1.916459 1.902039 1.921420 1.934461 1.926938 1.932021 1.904890 1.909522 1.878759 1.930441 1.871288 1.925627 1.883014 1.993253 
1.420000	1.961196 1.906779 1.896784 1.939362 1.915609 1.937362 1.947584 1.969991 1.824253 1.854638 1.886800 1.882351 1.886320 1.895366 1.889737 1.902030 1.884827 1.921563 1.801772 1.864344 
1.430000	2.030003 1.918633 1.967270 1.941121 1.987916 2.007921 1.954191 1.933036 2.030959 1.983622 1.942845 1.945236 2.015405 1.997071 1.899068 2.004016 1.878246 1.983161 1.925253 2.069843 
1.440000	2.027385 2.045223 2.048831 2.060310 2.083154 1.971273 1.977930 2.024628 1.988380 2.002482 2.050842 2.093995 1.983682 2.078886 2.003210 1.930470 2.069932 2.107738 2.021375 2.007576 
1.450000	2.081728 2.134264 2.100725 2.096615 2.038389 2.004431 2.096936 2.057376 2.072493 2.032769 2.046421 2.097034 2.067650 2.001368 1.981834 1.964854 2.051644 2.032347 2.117748 2.075182 
1.460000	1.934959 1.917791 1.963685 2.024394 2.028497 2.034897 1.968882 1.962223 2.027256 1.945138 2.060428 1.947945 1.919573 1.942241 1.914331 2.049375 2.069706 2.064519 1.939491 2.067044 
1.470000	2.050755 1.962203 2.022375 2.123438 2.149777 2.048282 2.155448 2.096328 2.113525 2.056486 2.134321 2.081246 2.105757 2.009915 2.076820 2.100194 1.982006 2.147228 2.161382 2.095170 
1.480000	2.083025 2.069838 2.051189 2.124790 2.186540 2.074800 2.092373 2.190621 2.123561 2.176631 2.117392 2.218044 2.228655 2.121324 2.028984 2.163071 2.085901 2.088135 2.085201 2.126361 
1.490000	1.949341 2.030727 2.041732 2.004248 1.954323 2.032191 2.056060 2.019000 1.938402 2.048777 2.026204 1.974999 2.035414 1.969413 2.082717 1.943989 1.997065 2.007775 1.946372 2.031508 
1.500000	2.108447 2.027756 2.049868 1.958025 1.959788 2.120308 2.039727 2.042235 2.071325 1.968440 2.039854 2.008798 2.027344 2.104056 2.064422 2.035529 1.991883 2.038140 1.990326 2.025953 
1.510000	2.002057 2.041803 2.027053 2.042006 2.041728 2.073421 2.033793 2.063019 2.017975 2.007151 1.981842 2.027142 2.037727 2.077465 2.134861 2.084091 2.033932 1.969059 2.050827 2.072960 
1.520000	2.052676 2.033941 2.099260 2.107889 2.024928 2.037902 1.997861 2.060141 1.954185 2.147952 2.057899 2.019517 2.041558 2.069766 2.014302 1.999630 2.091916 2.014485 2.048263 2.119690 
1.530000	2.122767 2.073597 2.127998 2.181599 2.211888 2.144334 2.072135 2.167096 2.147466 2.120361 2.085703 2.044271 2.162637 2.115380 2.091588 2.041028 2.120890 2.144161 2.064517 2.120255 
1.540000	2.009801 1.948252 2.054998 1.953433 1.981437 2.015810 2.037792 2.052341 2.014392 2.028699 2.003872 2.024638 2.069624 2.030407 2.029078 2.049953 2.055917 2.032332 2.120247 2.010845 
1.550000	2.166241 2.188743 2.207681 2.156381 2.282834 2.249954 2.208200 2.231580 2.221099 2.174575 2.216030 2.180111 2.182711 2.251380 2.269239 2.251547 2.158761 2.269716 2.181870 2.158570 
1.560000	2.185317 2.168467 2.166857 2.098372 2.151581 2.119681 2.183917 2.149872 2.193184 2.217899 2.173511 2.252258 2.143515 2.167569 2.202163 2.100838 2.143489 2.152806 2.236463 2.141703 
1.570000	2.152220 2.095900 2.139820 2.073523 2.206800 2.194340 2.159535 2.185703 2.131379 2.163666 2.117467 2.183398 2.082801 2.101929 2.116817 2.082850 2.112047 2.105658 2.168529 2.141450 
1.580000	2.045194 2.008132 2.025168 2.090727 2.079879 2.047947 2.155422 2.025990 2.146736 2.038148 2.094152 2.090556 2.007296 2.027955 1.964308 2.112443 2.077101 2.052162 2.103459 2.044146 
1.590000	2.110904 2.035485 2.097771 2.100231 2.064697 2.121876 2.198400 2.003113 2.114770 2.029246 2.012598 2.079567 2.117609 2.017944 2.024630 2.122076 2.097248 2.036804 1.989762 2.078459 
1.600000	2.108131 2.164919 2.121074 2.162776 2.177082 2.156703 2.183895 2.075787 2.176363 2.268246 2.230124 2.282368 2.131203 2.197476 2.151448 2.226555 2.184709 2.195306 2.228657 2.189996 
1.610000	2.054837 2.034724 2.107426 2.045631 2.058158 2.157145 2.028727 2.057528 2.146858 2.076915 2.157783 2.047717 2.007219 2.126001 2.100988 2.132832 2.002844 2.078920 2.013195 2.040985 
1.620000	2.160307 2.251163 2.133546 2.120042 2.082748 2.196120 2.181430 2.078982 2.179213 2.095751 2.150938 2.205604 2.236796 2.116022 2.141006 2.128739 2.148453 2.122956 2.119426 2.156464 
1.630000	2.123468 2.179745 2.152441 2.167247 2.136374 2.176589 2.111542 2.083718 2.051709 2.120782 2.092406 2.191633 2.148263 2.258785 2.136060 2.140571 2.206833 2.127696 2.183583 2.234125 
1.640000	2.098662 2.046748 2.067594 2.118318 2.198527 2.071872 2.146773 2.089867 2.112219 2.137296 2.074394 2.100583 2.116293 2.182083 2.192174 2.251569 2.162863 2.081375 2.129911 2.066836 
1.650000	2.202504 2.126763 2.190984 2.150771 2.138019 2.165283 2.136514 2.123222 2.143565 2.212165 2.115438 2.197331 2.200424 2.206624 2.021134 2.226639 2.237063 2.144566 2.203824 2.241139 
1.660000	2.086787 2.143143 2.111924 2.152908 2.080598 2.137789 2.171615 2.131935 2.143951 2.102789 2.109438 2.180189 2.175939 2.204901 2.093638 2.147067 2.113259 2.093889 2.127850 2.152251 
1.670000	2.362855 2.384541 2.257150 2.350776 2.289782 2.306763 2.323286 2.365959 2.328183 2.380573 2.407129 2.276434 2.341623 2.317426 2.285171 2.276844 2.325884 2.318843 2.329473 2.287724 
1.680000	2.172287 2.076235 2.268541 2.034067 2.152480 2.123043 2.133923 2.135092 2.169723 2.119662 2.245216 2.221209 2.190562 2.173536 2.177959 2.116665 2.217119 2.160780 2.221951 2.162273 
1.690000	2.197600 2.211763 2.158335 2.236634 2.257190 2.232046 2.276368 2.234391 2.235961 2.225381 2.170512 2.167611 2.211351 2.185302 2.259765 2.200034 2.221497 2.133846 2.227445 2.183831 
1.700000	2.185054 2.151328 2.173477 2.087660 2.149826 2.169044 2.073843 2.139621 2.101861 2.160992 2.161797 2.178068 2.199604 2.271596 2.213235 2.184321 2.130435 2.156848 2.071727 2.108264 
1.710000	2.211178 2.202321 2.175115 2.202023 2.225922 2.149700 2.215430 2.190518 2.242612 2.250784 2.155856 2.182263 2.291542 2.164265 2.205176 2.113635 2.225742 2.191331 2.204166 2.220833 
1.720000	2.172206 2.205813 2.292074 2.220157 2.203212 2.176898 2.171798 2.154541 2.267016 2.178008 2.209851 2.260901 2.156906 2.236599 2.113885 2.204326 2.172037 2.274985 2.300311 2.212168 
1.730000	2.292160 2.148540 2.282605 2.272514 2.224427 2.242594 2.209760 2.275214 2.315819 2.278823 2.183053 2.148259 2.234131 2.261181 2.214703 2.176513 2.216822 2.293264 2.210572 2.200946 
1.740000	2.203879 2.166797 2.226990 2.204419 2.253618 2.159183 2.295744 2.217375 2.265918 2.253280 2.302898 2.284030 2.254547 2.260789 2.270455 2.287914 2.223927 2.223695 2.235527 2.225619 
1.750000	2.476449 2.461467 2.450152 2.508603 2.476994 2.449311 2.455798 2.411324 2.372689 2.439096 2.456037 2.431036 2.516058 2.426148 2.530891 2.435814 2.436489 2.428787 2.370750 2.282929 
1.760000	2.286301 2.443427 2.328904 2.394908 2.295161 2.324822 2.352779 2.306026 2.424443 2.363481 2.351324 2.303591 2.253103 2.307424 2.329257 2.301771 2.274578 2.329410 2.332068 2.465036 
1.770000	2.292437 2.265136 2.333280 2.350088 2.268159 2.238576 2.311183 2.247036 2.358025 2.395372 2.227387 2.323268 2.366007 2.354522 2.365132 2.299711 2.358175 2.334425 2.193896 2.227266 
1.780000	2.297705 2.240001 2.255761 2.269525 2.194733 2.215404 2.229711 2.146839 2.140699 2.189737 2.278176 2.176923 2.228053 2.198532 2.296322 2.271292 2.251844 2.228317 2.215401 2.305617 
1.790000	2.252017 2.194002 2.187768 2.337087 2.243677 2.291808 2.293299 2.366623 2.346611 2.257644 2.341164 2.263687 2.379570 2.292673 2.274447 2.377394 2.244931 2.338174 2.340663 2.304159 
1.800000	2.417154 2.395981 2.419636 2.420065 2.442580 2.450667 2.401250 2.320452 2.361533 2.388262 2.391872 2.365464 2.359455 2.464875 2.300390 2.427442 2.284522 2.449295 2.456168 2.483421 
1.810000	2.307983 2.279670 2.296967 2.326485 2.272539 2.223353 2.309546 2.370521 2.333195 2.315746 2.341071 2.317797 2.249799 2.305489 2.290244 2.258179 2.390238 2.232905 2.248632 2.346787 
1.820000	2.380546 2.357636 2.250011 2.264088 2.508206 2.379218 2.384073 2.377549 2.373594 2.346844 2.376707 2.421257 2.382502 2.289881 2.356099 2.328601 2.299195 2.492744 2.333889 2.377609 
1.830000	2.346908 2.378550 2.427475 2.428678 2.403111 2.403651 2.348970 2.387974 2.333727 2.387571 2.298778 2.275143 2.258789 2.337815 2.346276 2.313891 2.304196 2.315156 2.361315 2.421833 
1.840000	2.493353 2.473607 2.400140 2.469158 2.375280 2.416493 2.505637 2.482481 2.475292 2.426103 2.444688 2.460329 2.569187 2.421518 2.492705 2.380378 2.493896 2.468678 2.369942 2.402334 
1.850000	2.416610 2.301609 2.354893 2.272849 2.345490 2.400253 2.434492 2.366675 2.309131 2.332422 2.378167 2.334558 2.379968 2.346105 2.244135 2.419172 2.345489 2.324092 2.300443 2.411774 
1.860000	2.331543 2.309782 2.371459 2.388827 2.361002 2.350618 2.240515 2.361862 2.298486 2.271830 2.428583 2.299302 2.172395 2.258952 2.343052 2.377291 2.268572 2.393276 2.411960 2.311836 
1.870000	2.445814 2.259125 2.308329 2.272181 2.339997 2.416086 2.398800 2.379438 2.331220 2.344145 2.303692 2.344927 2.269409 2.366520 2.411836 2.355151 2.379090 2.370923 2.325671 2.319628 
1.880000	2.408904 2.507115 2.451285 2.419477 2.543661 2.480042 2.500161 2.454169 2.498197 2.536632 2.443980 2.464030 2.524883 2.458752 2.469780 2.436474 2.371814 2.479799 2.449230 2.436735 
1.890000	2.523721 2.509874 2.460075 2.432657 2.371868 2.483070 2.428034 2.597887 2.442311 2.556435 2.527533 2.542934 2.557033 2.481572 2.504735 2.496950 2.415120 2.568386 2.467763 2.605243 
1.900000	2.306447 2.401555 2.345073 2.322898 2.326110 2.301512 2.328020 2.445515 2.359055 2.416432 2.401593 2.407381 2.376080 2.350204 2.321790 2.384184 2.335202 2.362247 2.283198 2.369458 
1.910000	2.453317 2.482098 2.426603 2.410194 2.434971 2.391197 2.470823 2.479438 2.386255 2.389931 2.401437 2.428966 2.460849 2.349537 2.490869 2.447271 2.431132 2.446255 2.364291 2.439510 
1.920000	2.425360 2.514973 2.401363 2.397512 2.432648 2.363881 2.412957 2.382165 2.429568 2.423172 2.453039 2.342589 2.410869 2.347265 2.493683 2.484646 2.407105 2.434185 2.352853 2.536331 
1.930000	2.287022 2.289246 2.344959 2.301099 2.399257 2.342552 2.377384 2.349002 2.413673 2.300712 2.368254 2.334103 2.408491 2.345255 2.311845 2.282126 2.316506 2.322543 2.314868 2.380586 
1.940000	2.474949 2.471237 2.502999 2.459815 2.465485 2.451481 2.501672 2.550846 2.527607 2.480133 2.490544 2.442250 2.410686 2.516871 2.394759 2.519426 2.558195 2.470467 2.448136 2.493065 
1.950000	2.455376 2.561167 2.571824 2.533160 2.406979 2.403818 2.545782 2.499775 2.441098 2.467043 2.458732 2.553006 2.423727 2.461524 2.582036 2.507274 2.453633 2.539512 2.478294 2.488892 
1.960000	2.546989 2.499806 2.550232 2.573384 2.488365 2.517526 2.503108 2.506088 2.608284 2.474505 2.616355 2.506069 2.547657 2.485651 2.537683 2.493301 2.466836 2.438727 2.446838 2.527927 
1.970000	2.531314 2.428035 2.464797 2.422128 2.425502 2.447612 2.484347 2.506743 2.441177 2.473623 2.473059 2.466714 2.537426 2.429439 2.372590 2.486966 2.463337 2.490207 2.471408 2.555879 
1.980000	2.612412 2.546509 2.513360 2.558674 2.470421 2.422362 2.532277 2.502034 2.519938 2.552732 2.452553 2.493336 2.581977 2.587724 2.624330 2.446670 2.572135 2.484884 2.500082 2.593378 
1.990000	2.689238 2.586650 2.562856 2.580576 2.648942 2.644991 2.604632 2.677139 2.649421 2.671682 2.632722 2.584036 2.562256 2.622762 2.625222 2.699420 2.582838 2.665172 2.538009 2.676968 
2.000000	2.344443 2.354888 2.376214 2.340697 2.365759 2.486586 2.462411 2.384058 2.410584 2.468028 2.513285 2.425398 2.449433 2.384230 2.321013 2.364984 2.338188 2.379675 2.393856 2.461516 
2.010000	2.447351 2.521972 2.476963 2.496521 2.504554 2.538082 2.562254 2.591097 2.535708 2.620714 2.487112 2.602149 2.549086 2.598521 2.573279 2.534033 2.606190 2.552766 2.675252 2.578330 
2.020000	2.532191 2.533059 2.509252 2.440712 2.467231 2.406941 2.531924 2.456412 2.525725 2.411101 2.262641 2.489308 2.440436 2.441702 2.519522 2.464352 2.573153 2.492994 2.412832 2.468595 
2.030000	2.426068 2.422662 2.430309 2.563642 2.479843 2.501533 2.474361 2.495715 2.411921 2.485099 2.448393 2.496209 2.476733 2.376724 2.430048 2.451229 2.540726 2.444692 2.464939 2.476460 
2.040000	2.528518 2.624425 2.490550 2.516872 2.470256 2.521793 2.435441 2.559849 2.565503 2.521516 2.565195 2.513655 2.479075 2.565969 2.506412 2.554933 2.515083 2.570350 2.476194 2.504699 
2.050000	2.543647 2.643498 2.703447 2.536908 2.578625 2.589539 2.702542 2.575898 2.548559 2.542041 2.645103 2.523834 2.661363 2.568996 2.528763 2.588400 2.612546 2.645607 2.451251 2.550064 
2.060000	2.592384 2.514710 2.535756 2.573923 2.619391 2.524213 2.544390 2.568937 2.511478 2.626903 2.469231 2.527537 2.611187 2.608313 2.449640 2.518366 2.542173 2.502212 2.613062 2.570566 
2.070000	2.524308 2.446666 2.520444 2.611499 2.483711 2.463298 2.484188 2.500755 2.423546 2.524703 2.436897 2.490378 2.434482 2.560774 2.551721 2.579971 2.607781 2.545956 2.531105 2.487319 
2.080000	2.637197 2.570349 2.637276 2.641912 2.692101 2.627919 2.778724 2.646090 2.587995 2.635574 2.693421 2.574596 2.674912 2.623907 2.673642 2.601453 2.622838 2.658540 2.568096 2.616932 
2.090000	2.763872 2.700539 2.864577 2.606091 2.724383 2.691694 2.710269 2.755480 2.701863 2.744868 2.710886 2.795644 2.636807 2.705491 2.705996 2.648999 2.738576 2.804234 2.759551 2.692505 
2.100000	2.494354 2.476125 2.509375 2.586734 2.480053 2.560783 2.473910 2.591793 2.433294 2.507717 2.572793 2.510918 2.580305 2.686884 2.559423 2.466690 2.499640 2.631252 2.560393 2.518038 
2.110000	2.749887 2.839163 2.823343 2.821218 2.879548 2.768019 2.780174 2.761409 2.753674 2.813345 2.822069 2.904341 2.695244 2.727228 2.693942 2.734005 2.646446 2.737278 2.686685 2.764033 
2.120000	2.565980 2.673589 2.728041 2.713694 2.727323 2.533859 2.629622 2.743517 2.664449 2.651461 2.707407 2.637663 2.728782 2.591839 2.632890 2.698705 2.570937 2.658946 2.678666 2.552646 
2.130000	2.571566 2.595506 2.552703 2.591884 2.604884 2.657410 2.531724 2.597061 2.476402 2.657728 2.606236 2.549595 2.597856 2.563750 2.637487 2.560121 2.571380 2.538877 2.543864 2.620894 
2.140000	2.658076 2.689428 2.804281 2.799432 2.765610 2.712976 2.671832 2.758980 2.719700 2.721058 2.806520 2.729116 2.705658 2.727614 2.837608 2.790497 2.751664 2.790464 2.851968 2.748928 
2.150000	2.723642 2.641522 2.664788 2.584973 2.636588 2.618220 2.706756 2.670112 2.737848 2.677068 2.709495 2.732494 2.542121 2.631595 2.686321 2.616492 2.618697 2.667179 2.626772 2.628239 
2.160000	2.573905 2.665346 2.644881 2.629868 2.670060 2.692029 2.682292 2.639050 2.541217 2.607011 2.715509 2.671953 2.743741 2.750646 2.671678 2.576131 2.559767 2.663248 2.648011 2.731926 
2.170000	2.613633 2.755530 2.637037 2.742836 2.652704 2.704129 2.740400 2.696877 2.652344 2.858017 2.766701 2.727212 2.640387 2.746355 2.800768 2.891536 2.700035 2.775224 2.678150 2.724116 
2.180000	2.604883 2.617870 2.632580 2.620857 2.573016 2.603986 2.592716 2.511108 2.628773 2.652924 2.634694 2.574157 2.625459 2.631549 2.698148 2.628042 2.494687 2.637352 2.559828 2.613758 
2.190000	2.640850 2.632125 2.691006 2.736726 2.759437 2.774243 2.792534 2.722400 2.685439 2.776853 2.617354 2.696460 2.755364 2.707317 2.666792 2.671406 2.740130 2.723716 2.740916 2.666293 
2.200000	2.898415 2.822647 2.802500 2.809760 2.719851 2.783275 2.937542 2.743383 2.786565 2.720329 2.746561 2.875339 2.881680 2.836404 2.787857 2.829225 2.814580 2.911927 2.808136 2.839742 
2.210000	2.755063 2.785201 2.680996 2.688145 2.702599 2.753401 2.752177 2.627334 2.827261 2.662571 2.771080 2.764011 2.713208 2.821822 2.710851 2.660421 2.653741 2.806426 2.777121 2.717320 
2.220000	2.759303 2.710817 2.708623 2.818292 2.634026 2.710293 2.847218 2.730564 2.754477 2.795355 2.748097 2.760261 2.689785 2.745944 2.725640 2.693478 2.802017 2.723525 2.682148 2.749705 
2.230000	2.799299 2.763663 2.797366 2.778408 2.778144 2.534315 2.713714 2.790396 2.683199 2.828737 2.650919 2.820428 2.839473 2.776009 2.663811 2.859578 2.771971 2.802918 2.787886 2.734779 
2.240000	2.727276 2.874791 2.828392 2.884645 2.730310 2.729819 2.803468 2.771688 2.809314 2.812534 2.735610 2.751998 2.806588 2.808327 2.755042 2.816267 2.752706 2.778811 2.837409 2.760757 
2.250000	2.780511 2.650439 2.835056 2.843111 2.864558 2.828388 2.777645 2.767388 2.808005 2.831886 2.817246 2.825856 2.750470 2.879469 2.742657 2.730598 2.802342 2.807412 2.865521 2.790543 
2.260000	2.836537 2.856162 2.764026 2.813640 2.759211 2.821528 2.796872 2.742479 2.842229 2.792649 2.804416 2.774912 2.843995 2.822603 2.856718 2.898360 2.789258 2.798497 2.800613 2.888250 
2.270000	2.551170 2.621475 2.673539 2.720063 2.657677 2.587303 2.672943 2.768411 2.709449 2.676364 2.659803 2.618293 2.621169 2.661497 2.664459 2.552890 2.680745 2.625349 2.707857 2.555747 
2.280000	2.680626 2.610353 2.709271 2.785181 2.702114 2.626245 2.712362 2.764692 2.707229 2.625620 2.697300 2.657440 2.649110 2.674595 2.671291 2.714974 2.655628 2.640065 2.681196 2.642541 
2.290000	2.546296 2.692000 2.722947 2.636355 2.600681 2.580163 2.670635 2.771812 2.719899 2.741810 2.648028 2.573684 2.643107 2.699341 2.708614 2.669790 2.604719 2.599537 2.618755 2.642781 
2.300000	2.880312 2.934193 2.837561 2.792114 2.787565 2.886467 2.802646 2.954522 2.928419 2.725410 2.811608 2.734861 2.886484 2.773506 2.746981 2.786750 2.746335 2.789605 2.842366 2.876289 
2.310000	2.822392 2.782064 2.704489 2.814405 2.703470 2.792921 2.739172 2.773117 2.770248 2.856692 2.871283 2.720059 2.644183 2.746561 2.717832 2.747736 2.739184 2.699810 2.709684 2.718339 
2.320000	2.805007 2.968576 2.912574 2.800699 2.863093 2.823222 2.894756 2.831761 2.720255 2.712265 2.782737 2.823001 2.767100 2.816056 2.757961 2.698444 2.853321 2.917878 2.796217 2.917286 
2.330000	2.756195 2.697859 2.764334 2.678395 2.830434 2.718836 2.799271 2.735896 2.820076 2.706140 2.820790 2.752565 2.907723 2.713217 2.707598 2.741126 2.757890 2.691399 2.698511 2.851741 
2.340000	2.975967 2.833740 2.933135 2.782576 2.760142 2.741847 2.663174 2.860945 2.752817 2.851672 2.888473 2.987409 2.850441 2.810679 2.841462 2.865967 2.820600 2.824311 2.833707 2.863896 
2.350000	2.971923 2.717987 2.867397 2.845207 2.852042 2.975003 2.848601 2.924208 2.918275 2.823537 2.940714 2.835162 2.894640 2.779955 2.827828 2.916980 2.835703 2.839204 2.926712 2.758246 
2.360000	2.748995 2.721806 2.759686 2.790207 2.701959 2.642481 2.736551 2.742605 2.669421 2.834194 2.780317 2.750937 2.775858 2.800283 2.670577 2.733701 2.719885 2.594499 2.706178 2.704813 
2.370000	2.804860 2.785550 2.746798 2.797221 2.833528 2.701002 2.804379 2.721712 2.852860 2.814437 2.852486 2.824296 2.825127 2.763593 2.788782 2.861675 2.726712 2.788713 2.891444 2.786753 
2.380000	2.915985 2.967094 2.946956 3.053959 3.009438 3.042483 3.157136 3.002882 3.009551 3.119981 3.068056 3.011747 3.078707 2.971341 3.048082 2.980682 2.928804 2.979406 3.058668 2.916147 
2.390000	2.979548 2.819470 2.714039 2.976037 2.879143 2.912207 2.853268 2.956114 2.837933 2.987944 2.815981 2.850714 2.912355 2.917650 2.902860 2.869233 2.842347 2.957651 2.861079 2.903460 
2.400000	2.688756 2.742149 2.652617 2.617520 2.738032 2.637372 2.684562 2.614231 2.681058 2.735156 2.749334 2.700728 2.656508 2.728567 2.785708 2.689607 2.716323 2.631255 2.676301 2.673151 
2.410000	2.854701 2.897195 2.865451 2.884547 2.859124 2.801867 2.867371 2.881600 2.906928 2.846763 2.830170 2.873161 2.797052 2.842040 2.934467 2.845814 2.766268 2.874614 2.938820 2.936303 
2.420000	2.742216 2.959043 2.883985 2.827073 2.893010 2.862418 2.858040 2.804382 2.734459 2.934143 2.960644 2.900330 2.952946 2.916403 2.890290 2.873642 2.972477 2.849946 2.803284 2.766745 
2.430000	2.815770 2.979371 2.898283 2.894384 2.812176 2.908139 2.834446 2.943564 2.884163 2.874829 2.838677 2.915727 2.843344 2.822370 2.913872 2.879192 2.845367 2.832998 2.845203 2.823098 
2.440000	2.870867 3.004925 2.911107 2.788482 2.977670 2.934315 3.036651 2.886684 3.025545 2.904815 2.975497 2.932376 2.887625 3.024998 3.024423 2.981050 2.989196 3.021721 3.022902 2.928391 
2.450000	2.986124 3.027039 3.071243 3.034590 3.050787 2.905659 3.038127 2.996817 3.042609 2.963573 3.080315 3.109004 3.022213 3.069099 3.021043 3.094206 3.035874 3.018805 3.076054 3.044576 
2.460000	2.967412 2.969717 2.985400 2.919865 2.984295 2.925625 3.113645 2.989872 3.100235 2.975108 3.031085 3.085905 2.990579 2.985923 3.018434 3.029980 2.975018 2.832344 3.003312 2.936994 
2.470000	2.894822 2.787883 2.918454 2.916171 2.898406 2.802415 2.945727 2.863154 2.923826 2.988409 2.846582 2.891934 2.979228 2.848707 2.839569 2.881555 2.810154 2.872357 2.906092 2.902242 
2.480000	3.068867 2.938613 3.021397 2.954916 3.013634 3.012275 2.935453 3.074992 3.035931 2.882762 2.922048 3.031808 2.994178 2.929229 2.974619 2.901675 3.059542 2.975413 2.977435 2.940846 
2.490000	3.025615 2.993007 3.016462 3.110503 3.036723 2.994739 3.050690 2.977286 3.061007 3.059256 3.175198 3.084827 3.037951 2.966062 2.956909 2.970826 3.029434 3.042787 3.049174 3.110734 
2.500000	2.942745 2.960105 2.916719 3.038789 2.834581 2.792514 2.937577 2.806967 2.961028 2.888647 2.870393 2.846095 2.857026 2.865926 2.983287 2.833133 2.925004 2.827362 2.928735 2.865832 
2.510000	3.238862 3.128291 3.139797 3.122264 3.136740 3.188705 3.102183 3.200022 3.071582 3.104354 3.089454 3.103825 3.175874 3.126843 3.103503 3.134996 3.124406 3.137388 3.139909 3.234936 
2.520000	2.868977 2.953091 2.786762 3.007956 2.956106 2.745038 2.862184 2.770669 2.796335 2.922354 2.876265 2.896843 2.942806 2.862259 2.881309 2.980834 2.915399 2.871115 2.993490 2.865169 
2.530000	3.081693 2.907821 3.106325 3.012338 3.073880 3.003433 2.880920 3.059537 3.159631 2.959033 3.011350 2.938185 2.971967 2.957406 2.998711 3.095141 3.068575 3.058500 3.107272 3.061696 
2.540000	3.011854 3.149420 3.073365 3.068887 2.988266 3.032213 3.066637 3.079278 3.087150 3.023927 2.973469 3.080966 3.109614 3.069932 3.134802 3.060039 3.052493 3.184959 3.030903 3.063533 
2.550000	2.929077 3.124748 3.056244 3.053729 3.037124 3.105582 3.123215 3.008885 2.960539 3.086141 3.107862 2.984902 3.117100 3.009174 3.055505 3.030767 2.999590 3.053097 3.026722 3.027341 
2.560000	3.051436 3.157968 3.069565 3.109700 3.049024 3.053738 3.182033 3.142551 3.203784 3.198586 3.001958 3.084256 3.063888 3.138234 3.098868 3.169809 3.059309 3.176105 3.077223 3.131705 
2.570000	3.057350 3.120146 3.156417 2.898835 2.999037 3.003674 2.919867 3.018730 3.031242 3.110439 3.014338 2.995373 3.067910 2.973521 2.950794 3.046968 3.095602 3.134651 2.869299 3.032599 
2.580000	3.165166 3.027710 3.091462 3.132258 3.102255 3.074089 2.971189 3.026757 3.086803 3.085007 3.045568 2.999092 3.093539 3.091775 3.215206 3.139191 3.077613 3.090204 3.152739 3.269260 
2.590000	2.999575 3.003661 2.961250 3.097665 2.911344 3.015601 3.054069 2.983916 2.929588 2.886669 2.996687 2.893023 3.086781 3.043908 2.899415 2.934087 3.047030 3.025375 2.897228 2.873948 
2.600000	3.092074 2.968683 3.040922 3.023071 2.972542 3.002862 3.034814 2.996112 3.026579 3.102494 2.984452 3.024175 3.011045 3.008953 2.980073 3.138215 3.003678 2.972029 3.038367 3.092832 
2.610000	3.337388 3.223800 3.430389 3.152315 3.322483 3.290466 3.235873 3.311322 3.311854 3.411931 3.241174 3.179889 3.266139 3.297660 3.243206 3.244953 3.248454 3.275047 3.246895 3.206891 
2.620000	3.319819 3.293096 3.408037 3.329312 3.234163 3.390576 3.275589 3.237415 3.352072 3.409288 3.293382 3.329229 3.356829 3.373586 3.433064 3.280876 3.392871 3.350190 3.263390 3.189414 
2.630000	3.255474 3.042358 3.069334 3.150153 3.185856 3.183604 3.248542 3.081967 3.166731 3.154361 3.133082 3.148853 3.054121 3.128047 3.252795 3.224546 3.150710 3.129644 3.136448 3.156008 
2.640000	3.159176 3.204305 3.158925 3.089345 3.015785 3.095619 3.123598 3.201688 3.125408 3.103411 2.988632 3.135321 3.097194 3.124008 3.138998 3.128126 3.112729 3.104404 3.118086 3.087522 
2.650000	3.314363 3.221494 3.262036 3.214932 3.156287 3.412341 3.227466 3.171492 3.345346 3.321949 3.163591 3.213862 3.304004 3.282617 3.279083 3.322310 3.251743 3.298548 3.187236 3.286228 
2.660000	3.176076 3.113708 3.182006 3.135505 3.100265 3.137303 3.152623 3.073547 3.134453 3.092616 3.154702 3.208503 3.269665 3.101919 3.298110 2.973328 3.197021 3.180001 3.170326 3.154263 
2.670000	3.220339 3.290022 3.296939 3.245738 3.316107 3.221531 3.215429 3.086417 3.158186 3.359000 3.250530 3.259267 3.183479 3.296466 3.366894 3.334396 3.199761 3.269535 3.289145 3.208761 
2.680000	3.279796 3.336849 3.183904 3.237326 3.089581 3.189171 3.070751 3.252099 3.097476 3.153128 3.155733 3.292206 3.209799 3.210434 3.231576 3.207339 3.233000 3.150414 3.192368 3.179956 
2.690000	3.070925 3.203102 3.143719 3.232974 3.182622 3.106974 3.185739 3.083554 3.211650 2.992583 3.138703 3.138125 3.003598 3.142250 3.147020 3.119686 3.165109 2.971317 3.053347 3.090053 
2.700000	3.147258 3.121931 3.160682 3.142781 3.272642 3.149827 3.153949 3.096302 3.240221 3.245069 3.150226 3.221987 3.134577 3.165567 3.213010 3.105192 3.203078 3.001236 3.282373 3.244024 
2.710000	3.346592 3.303703 3.392026 3.471269 3.334416 3.304481 3.398382 3.445848 3.424707 3.508569 3.337044 3.351581 3.501160 3.362484 3.426014 3.330680 3.649193 3.485886 3.449770 3.332779 
2.720000	3.244938 3.204943 3.130602 3.056525 3.179392 3.305105 3.297638 3.245366 3.192950 3.179378 3.089164 3.124403 3.187108 3.158887 3.133772 3.109642 3.178531 3.173752 3.235922 3.332158 
2.730000	3.287787 3.173636 3.159805 3.344953 3.172024 3.285505 3.190119 3.206957 3.193305 3.129212 3.293690 3.185386 3.151786 3.324131 3.254675 3.398002 3.172571 3.314774 3.321792 3.185580 
2.740000	3.233518 3.237703 3.268973 3.217389 3.269762 3.280950 3.170608 3.272519 3.169403 3.255891 3.264107 3.318316 3.251998 3.290006 3.261200 3.237194 3.162338 3.195301 3.189902 3.212238 
2.750000	3.176596 3.344724 3.334928 3.289026 3.398047 3.238304 3.396134 3.453796 3.239636 3.300660 3.357380 3.228140 3.314695 3.254572 3.364205 3.297991 3.205402 3.276111 3.308376 3.352919 
2.760000	3.388646 3.270435 3.217039 3.233624 3.391492 3.280100 3.320865 3.481964 3.164965 3.261173 3.407240 3.394681 3.304843 3.367410 3.395661 3.236229 3.272947 3.271653 3.436853 3.258443 
2.770000	3.191952 3.412452 3.397991 3.380770 3.177479 3.378879 3.420074 3.407518 3.248135 3.386866 3.496571 3.248359 3.436093 3.280013 3.273308 3.391686 3.342542 3.328839 3.270418 3.200561 
2.780000	3.379051 3.243470 3.336914 3.230443 3.324379 3.350720 3.179505 3.171860 3.315828 3.332880 3.247208 3.300036 3.320679 3.210125 3.288295 3.293293 3.438667 3.358195 3.232614 3.321147 
2.790000	3.330513 3.234525 3.168748 3.264625 3.219836 3.208375 3.234237 3.313343 3.190327 3.083035 3.223562 3.291733 3.246148 3.153642 3.194542 3.381333 3.237539 3.236289 3.232139 3.245986 
2.800000	3.234132 3.142938 3.160482 3.197439 3.209092 3.168281 3.087700 3.070815 3.247970 3.065376 3.243648 3.137362 3.230213 3.135174 3.204406 3.167846 3.145983 3.230872 3.145072 3.133015 
2.810000	3.344516 3.352585 3.369826 3.342619 3.336232 3.394251 3.305454 3.521339 3.334050 3.301788 3.376073 3.457754 3.302303 3.296990 3.377753 3.356568 3.372480 3.412774 3.432824 3.436126 
2.820000	3.315587 3.365888 3.279580 3.254707 3.357553 3.358701 3.334889 3.272520 3.265277 3.355379 3.301166 3.457741 3.378685 3.428736 3.434695 3.280633 3.299808 3.377076 3.355194 3.228566 
2.830000	3.259690 3.295426 3.228550 3.201999 3.240301 3.147793 3.305147 3.180259 3.215709 3.278877 3.313657 3.215392 3.281313 3.249103 3.305895 3.220373 3.186119 3.312627 3.311218 3.315616 
2.840000	3.370188 3.506699 3.436968 3.395608 3.371881 3.347173 3.499474 3.291189 3.359651 3.168528 3.424201 3.354565 3.347381 3.340544 3.408432 3.240997 3.270020 3.413818 3.361425 3.311336 
2.850000	3.430460 3.357525 3.415905 3.523644 3.445853 3.394660 3.376059 3.514572 3.423593 3.488808 3.492037 3.432230 3.475534 3.498991 3.595369 3.500440 3.485358 3.550049 3.517842 3.463642 
2.860000	3.303367 3.345809 3.310958 3.299677 3.329045 3.308037 3.185408 3.346068 3.287487 3.466239 3.208757 3.491320 3.430869 3.250598 3.352372 3.263429 3.260954 3.370244 3.420167 3.284518 
2.870000	3.508935 3.467340 3.533744 3.555501 3.365471 3.617196 3.491969 3.608796 3.572000 3.638117 3.436520 3.465097 3.484815 3.443524 3.451221 3.514655 3.594062 3.578479 3.465053 3.624591 
2.880000	3.517135 3.590160 3.412116 3.438395 3.445596 3.348154 3.530633 3.609576 3.480200 3.465858 3.352302 3.345692 3.461175 3.515115 3.512450 3.479843 3.502711 3.557318 3.521099 3.558448 
2.890000	3.536225 3.484960 3.550612 3.386795 3.478569 3.301313 3.537098 3.501606 3.343130 3.554243 3.388931 3.525446 3.529818 3.436208 3.475166 3.523596 3.517639 3.521640 3.348456 3.467660 
2.900000	3.146543 3.268727 3.174537 3.182796 3.237668 3.171384 3.360590 3.175499 3.204371 3.287354 3.200791 3.239433 3.178955 3.189801 3.235611 3.131954 3.179259 3.303618 3.284265 3.221661 
2.910000	3.506080 3.568927 3.523992 3.486784 3.648205 3.492775 3.471446 3.539621 3.525659 3.537608 3.393070 3.335264 3.448622 3.485604 3.524716 3.635422 3.440097 3.348657 3.601283 3.532273 
2.920000	3.381556 3.320679 3.361956 3.405630 3.455047 3.316943 3.307059 3.263210 3.368114 3.320176 3.269270 3.324222 3.196032 3.368913 3.286921 3.311283 3.446657 3.380004 3.304417 3.351011 
2.930000	3.387903 3.506691 3.376085 3.294715 3.322268 3.405425 3.429330 3.419749 3.347848 3.434122 3.451058 3.252337 3.466389 3.459068 3.396201 3.417175 3.587946 3.295482 3.403214 3.428369 
2.940000	3.513911 3.463163 3.302652 3.296166 3.395983 3.447433 3.411851 3.426925 3.403829 3.356906 3.391887 3.326196 3.302151 3.403107 3.461124 3.358366 3.418659 3.395669 3.304724 3.457034 
2.950000	3.267026 3.448661 3.475380 3.557732 3.429267 3.351846 3.297546 3.420287 3.255694 3.472764 3.408876 3.549975 3.309345 3.438570 3.522374 3.352767 3.430517 3.419971 3.455453 3.398502 
2.960000	3.354714 3.356235 3.360809 3.499571 3.395694 3.434095 3.395146 3.394488 3.325087 3.271602 3.373775 3.545000 3.327305 3.417337 3.377974 3.437123 3.352828 3.378990 3.416311 3.439242 
2.970000	3.551419 3.419787 3.521828 3.478960 3.636489 3.490482 3.483043 3.510069 3.539630 3.531296 3.515279 3.602878 3.586279 3.561182 3.489042 3.430762 3.422861 3.513077 3.517842 3.511844 
2.980000	3.365199 3.369129 3.344185 3.419994 3.314574 3.477488 3.394063 3.492004 3.464937 3.399920 3.340533 3.475024 3.298122 3.382877 3.435784 3.297259 3.384638 3.291580 3.492158 3.380935 
2.990000	3.335987 3.271973 3.301708 3.367341 3.364910 3.426371 3.485743 3.280588 3.445402 3.496528 3.375448 3.342362 3.529347 3.418214 3.433388 3.465811 3.337954 3.293356 3.376565 3.428903 
3.000000	3.510156 3.526567 3.604165 3.607184 3.614276 3.390386 3.667579 3.713260 3.629724 3.621723 3.631315 3.677008 3.727758 3.563046 3.622665 3.472735 3.707114 3.565717 3.571673 3.709583 
3.010000	3.306646 3.400491 3.427971 3.508238 3.433519 3.535360 3.485707 3.632072 3.465349 3.531719 3.574340 3.474905 3.435365 3.526788 3.449230 3.562687 3.518768 3.556625 3.406838 3.523137 
3.020000	3.470309 3.604926 3.474951 3.475485 3.593131 3.554950 3.512980 3.635952 3.494978 3.491421 3.561390 3.531513 3.545218 3.587842 3.620077 3.484905 3.430361 3.586700 3.564876 3.480548 
3.030000	3.299608 3.254750 3.236033 3.263148 3.289980 3.293650 3.319893 3.311863 3.192697 3.368608 3.257978 3.409468 3.330922 3.252558 3.209372 3.218735 3.292188 3.224620 3.237215 3.194992 
3.040000	3.647253 3.585906 3.542066 3.437464 3.418677 3.497518 3.670019 3.568632 3.494620 3.454392 3.559635 3.534856 3.536602 3.576812 3.598236 3.555328 3.496806 3.562886 3.515401 3.593093 
3.050000	3.689730 3.513235 3.637498 3.819010 3.543354 3.751115 3.471801 3.732350 3.637627 3.668822 3.610283 3.603487 3.644333 3.636472 3.624640 3.679545 3.729523 3.742514 3.632536 3.575104 
3.060000	3.518190 3.429657 3.515193 3.567351 3.544744 3.516016 3.736370 3.744777 3.610896 3.537439 3.555204 3.585803 3.662145 3.535043 3.599671 3.509483 3.429870 3.401368 3.527863 3.583106 
3.070000	3.509965 3.487614 3.538885 3.527929 3.564325 3.500259 3.500922 3.573208 3.558398 3.593392 3.325769 3.541259 3.528681 3.449129 3.511981 3.628370 3.483369 3.470573 3.441893 3.353783 
3.080000	3.705113 3.662038 3.719246 3.677394 3.537478 3.731981 3.679020 3.523795 3.678049 3.621317 3.668549 3.656761 3.597630 3.634878 3.585598 3.675911 3.555538 3.547798 3.749377 3.559416 
3.090000	3.531194 3.392731 3.614428 3.690858 3.539311 3.628751 3.582667 3.520281 3.496503 3.525052 3.722652 3.560428 3.607566 3.335284 3.628904 3.604813 3.562030 3.564043 3.723053 3.634218 
3.100000	3.723497 3.639041 3.916212 3.767308 3.603110 3.679441 3.802144 3.661237 3.682863 3.859668 3.904786 3.575559 3.624091 3.879687 3.619495 3.782000 3.655562 3.809134 3.807968 3.742244 
3.110000	3.419585 3.364688 3.340371 3.382076 3.288760 3.498562 3.379809 3.463176 3.443071 3.415989 3.429163 3.383811 3.498029 3.319530 3.214611 3.448175 3.379087 3.261084 3.403780 3.328630 
3.120000	3.548557 3.526479 3.526944 3.675753 3.652778 3.740116 3.763902 3.660397 3.620222 3.715999 3.618302 3.761337 3.680807 3.667417 3.680768 3.736589 3.697819 3.684784 3.839143 3.581388 
3.130000	3.536327 3.557832 3.613929 3.424304 3.572831 3.630375 3.632480 3.598901 3.598849 3.449583 3.562782 3.640870 3.517645 3.683792 3.591681 3.563450 3.526270 3.736561 3.631349 3.572206 
3.140000	3.814708 3.865274 3.788755 3.776575 3.795208 3.755188 3.628143 3.693426 3.740225 3.792228 3.847301 3.737235 3.885964 3.790259 3.743656 3.724858 3.685983 3.762560 3.858634 3.780997 
3.150000	3.948038 3.850067 3.729520 3.743402 3.806726 3.827333 3.865311 3.719861 3.712800 3.727540 3.844357 3.998990 3.903856 3.882053 3.648093 3.801249 3.821661 3.969714 4.021529 3.757374 
3.160000	3.572454 3.700553 3.674160 3.591089 3.693049 3.580539 3.667650 3.707272 3.700015 3.693876 3.582601 3.645201 3.698140 3.634356 3.687951 3.623077 3.513700 3.714265 3.685162 3.642075 
3.170000	3.487357 3.461737 3.422648 3.455456 3.485372 3.492922 3.504672 3.585451 3.481095 3.439980 3.400966 3.600245 3.563533 3.327231 3.546149 3.541564 3.516391 3.470991 3.537476 3.482648 
3.180000	3.536485 3.500631 3.685969 3.534385 3.491686 3.459289 3.556839 3.536264 3.501179 3.601617 3.522962 3.597668 3.452643 3.476793 3.494979 3.548157 3.526894 3.453359 3.421833 3.590722 
3.190000	3.624358 3.489518 3.604773 3.495063 3.578219 3.524887 3.648817 3.537698 3.638213 3.502280 3.634538 3.537988 3.609753 3.699851 3.536530 3.509255 3.387353 3.483412 3.677069 3.582042 
3.200000	3.668712 3.664069 3.766366 3.536521 3.474821 3.557787 3.565743 3.566008 3.612660 3.722915 3.684978 3.538773 3.520730 3.662852 3.626383 3.753893 3.535151 3.591982 3.625900 3.575709 
3.210000	3.564998 3.622702 3.622561 3.878241 3.551068 3.625458 3.645834 3.753497 3.772498 3.714197 3.599436 3.599650 3.653244 3.655414 3.560274 3.615225 3.553214 3.547186 3.685504 3.765692 
3.220000	3.695749 3.744212 3.816059 3.707645 3.744488 3.764224 3.662552 3.546825 3.687362 3.728850 3.630949 3.750848 3.647832 3.633479 3.716669 3.564439 3.680142 3.759962 3.728401 3.689268 
3.230000	3.741301 3.647575 3.624362 3.714813 3.644224 3.738939 3.722812 3.776933 3.784418 3.656217 3.679831 3.696406 3.633192 3.878208 3.757776 3.701007 3.780831 3.625137 3.745752 3.679485 
3.240000	3.663714 3.544224 3.683722 3.783330 3.741862 3.781673 3.639442 3.764095 3.663097 3.656172 3.625517 3.752681 3.719710 3.681801 3.635150 3.703814 3.663805 3.753719 3.731973 3.744694 
3.250000	3.493779 3.490077 3.419950 3.602207 3.548916 3.439576 3.458391 3.601336 3.489776 3.441074 3.492814 3.458821 3.488191 3.469195 3.553827 3.456932 3.426284 3.484672 3.329863 3.591873 
3.260000	3.672419 3.714861 3.767973 3.775020 3.793451 3.678062 3.675177 3.715454 3.796840 3.808698 3.753464 3.685553 3.754554 3.766507 3.770039 3.758599 3.726800 3.725534 3.757476 3.770027 
3.270000	3.587567 3.850386 3.686841 3.695720 3.656672 3.755334 3.631714 3.671450 3.731811 3.785229 3.578536 3.682802 3.731844 3.707672 3.606686 3.672684 3.739891 3.722993 3.749935 3.850351 
3.280000	3.737373 3.685055 3.709192 3.753704 3.572943 3.697843 3.694466 3.586933 3.830174 3.759483 3.686799 3.733019 3.707722 3.837325 3.552447 3.714533 3.639721 3.664475 3.850211 3.812817 
3.290000	3.790976 3.707050 3.734524 3.758628 3.796377 3.654948 3.760453 3.644123 3.678196 3.765970 3.661004 3.773498 3.699698 3.805636 3.798055 3.647163 3.663282 3.705539 3.837681 3.797506 
3.300000	3.668051 3.722995 3.811410 3.696363 3.734522 3.690898 3.762846 3.867437 3.862261 3.763064 3.818322 3.774916 3.768820 3.836100 3.738167 3.698048 3.591908 3.764417 3.761972 3.694662 
3.310000	3.545481 3.430742 3.478607 3.567307 3.585895 3.594717 3.561527 3.570701 3.477226 3.579742 3.544748 3.504863 3.586362 3.515940 3.459433 3.486414 3.491731 3.603719 3.505568 3.526350 
3.320000	3.912239 4.019800 3.965234 4.103108 3.881461 3.910833 4.049316 3.985057 3.892095 4.141485 3.881972 3.922762 4.041885 4.022356 4.044955 4.043255 3.956388 4.038170 4.054448 3.979783 
3.330000	3.759048 3.748989 3.782118 3.552653 3.667880 3.671409 3.716005 3.746162 3.718647 3.578996 3.612178 3.676574 3.716909 3.631463 3.637335 3.572288 3.586994 3.604471 3.647270 3.674156 
3.340000	3.853818 3.817734 3.889155 3.773548 3.750193 3.928893 3.766631 3.845375 3.774651 3.803885 3.944421 3.823993 3.864749 3.770902 3.926806 3.861189 3.794557 3.900978 3.835351 3.906040 
3.350000	3.779428 3.916133 3.931472 3.777404 3.826908 3.694881 3.812948 3.915821 3.676594 3.776754 3.682903 3.635513 3.887950 3.825716 3.807129 3.915027 3.969349 3.683522 3.726763 3.877836 
3.360000	3.736029 3.685398 3.707154 3.855100 3.844237 3.919955 3.794317 3.906360 3.769006 3.958368 3.746829 3.793028 3.882753 3.813568 3.956416 3.890158 3.812642 3.969135 3.858479 3.966668 
3.370000	3.626474 3.680887 3.683029 3.628304 3.683920 3.694682 3.671013 3.718894 3.696668 3.755551 3.719705 3.603406 3.685962 3.732793 3.671361 3.564147 3.672277 3.682373 3.675891 3.741872 
3.380000	3.679924 3.624553 3.724901 3.743958 3.592717 3.891986 3.703598 3.811234 3.664337 3.664236 3.640373 3.748611 3.861052 3.807491 3.507965 3.693042 3.644720 3.792489 3.811487 3.728385 
3.390000	3.688918 3.802337 3.731180 3.761517 3.894243 3.744002 3.768258 3.690459 3.621583 3.863804 3.729202 3.842112 3.717621 3.848784 3.678883 3.693247 3.845384 3.770426 3.899911 3.645103 
3.400000	3.907940 3.840253 3.770312 3.891759 3.917668 3.829605 3.855614 3.956332 3.922934 3.854290 3.958519 3.806956 4.043495 3.836614 3.963080 3.865129 3.854752 3.803138 3.852853 3.837864 
3.410000	3.865604 3.751827 3.853259 3.932883 3.777038 3.813195 3.832069 4.011136 3.910623 3.741743 3.769553 3.859011 3.789135 3.909143 3.796413 3.982866 3.941473 3.829011 3.869303 3.673933 
3.420000	3.798687 3.700940 3.640993 3.816748 3.874905 3.747950 3.643792 3.868027 3.733030 3.787988 3.827542 3.753063 3.701464 3.793160 3.736492 3.691318 3.724167 3.747641 3.691438 3.733770 
3.430000	4.095680 4.106903 4.118507 4.030706 3.996046 4.252456 4.212669 4.092551 4.107969 4.292060 4.039403 4.219352 4.227219 4.167490 4.308041 4.199289 4.187429 4.090415 4.124324 4.083960 
3.440000	4.222246 4.021645 3.944375 4.054173 4.040748 4.193196 3.955836 4.110128 4.026153 3.943537 3.979122 4.037087 4.036816 4.119131 3.927645 3.977033 4.075201 4.055458 3.952464 4.059842 
3.450000	3.968760 3.898065 3.882840 3.701467 3.943083 3.815371 3.792376 3.962915 4.043885 3.909611 3.914131 3.822304 4.095147 3.910574 3.982319 3.894796 3.905708 3.929752 3.793457 3.958845 
3.460000	4.001335 4.035277 4.096410 4.062550 4.046301 4.139549 4.033283 3.778727 4.120820 4.047609 3.926437 4.119333 3.781490 4.133121 3.959482 4.088072 3.974236 4.122059 4.124064 4.082886 
3.470000	3.948573 3.924554 3.882319 3.914066 3.894608 3.915731 3.964064 4.008188 3.891125 3.767126 3.864926 3.908466 4.024076 3.841139 3.879025 3.855234 3.959722 3.958388 3.876777 3.983468 
3.480000	4.261985 4.020282 4.075946 4.228272 4.034529 4.057730 4.091464 3.961505 4.177558 4.210230 4.042805 4.136315 4.205707 4.124791 4.126009 4.233318 4.219769 3.915779 4.164386 4.092481 
3.490000	4.168810 4.113444 4.150872 4.054018 4.061751 4.164744 4.203164 4.053346 4.041373 4.057129 4.152530 4.110760 4.141705 3.963898 4.051778 4.138294 3.907266 4.042146 4.056241 4.163802 
3.500000	3.790180 3.781568 3.834672 3.927575 3.952646 3.859690 3.925359 3.853356 3.864230 3.942658 3.886411 3.897391 3.833371 3.810889 3.820642 3.941501 3.850030 3.922060 3.854224 3.761228 
3.510000	3.847157 3.763822 3.866117 3.880780 3.696104 3.830308 3.691828 3.898216 3.837805 3.684788 3.939249 3.717373 3.863862 3.895337 3.910478 3.845417 4.044364 3.833490 3.979477 3.744995 
3.520000	3.934182 4.019409 3.916426 4.055962 3.812700 4.015634 3.840001 4.006541 3.839718 3.962029 3.995948 3.911214 3.961950 4.091104 3.949311 3.863363 3.829205 4.010541 4.006572 3.993289 
3.530000	3.787900 3.840161 3.753124 3.803280 3.908836 3.870094 3.825094 3.911761 3.669853 3.780859 3.830236 3.664913 3.849343 3.833132 3.905010 3.867472 3.839473 3.831256 3.816742 3.849983 
3.540000	4.160362 4.270769 4.194459 4.319742 4.331729 4.192420 4.191481 4.233248 4.183149 4.185050 4.165402 4.379026 4.269221 4.284924 4.164468 4.227256 4.246183 4.248205 4.299598 4.255589 
3.550000	3.932094 3.866812 3.811829 3.864264 3.854409 3.843703 3.793562 3.850947 3.807269 4.016480 3.843365 3.965200 3.839823 3.884354 3.916453 3.814312 3.845148 3.903004 3.843733 3.874915 
3.560000	3.946901 4.055280 3.985872 3.955813 3.912912 3.777659 4.014575 3.817651 4.068973 4.000640 3.971902 3.983574 3.925804 4.024568 4.060531 4.019953 4.021984 4.143867 4.027872 4.031825 
3.570000	4.129376 3.868320 4.060484 3.883893 4.018199 4.046271 4.029419 4.039192 4.140932 3.961182 4.207333 4.012744 3.935810 4.036867 4.014653 4.149425 4.004816 4.155157 4.078840 4.152695 
3.580000	4.255065 4.121795 4.228016 4.100962 4.257215 4.291960 4.349280 4.048289 4.349059 4.167135 4.220837 4.196140 4.263386 4.397733 4.148885 4.293383 4.378386 4.265792 4.403986 4.177846 
3.590000	4.193311 4.164789 4.335942 4.194790 4.018078 4.141539 4.087204 4.144239 4.076834 4.231340 4.150319 4.175368 4.110885 4.040126 4.242847 4.163707 4.048882 4.246798 4.378639 4.179675 
3.600000	4.173586 4.065282 4.259082 4.204564 4.136484 4.175613 4.199915 4.154877 4.215963 4.240357 4.181413 4.097725 4.072176 4.109420 4.203391 4.260093 3.771481 4.218255 4.330227 4.138634 
3.610000	4.112200 4.320160 4.178383 4.180837 4.136158 4.280421 4.366122 4.194148 4.160906 4.186597 4.203657 4.135754 4.264443 4.213963 4.115958 4.338847 4.322319 4.164641 4.213898 4.008670 
3.620000	4.057613 3.998991 4.038112 4.026569 4.178156 4.090980 3.995407 4.002357 3.931370 3.909320 3.882449 4.024297 4.020525 4.034545 4.135671 4.080514 4.019093 3.941979 4.033783 3.993316 
3.630000	4.017282 4.153835 4.147241 4.196362 4.005127 4.019744 4.099177 4.088969 3.999014 3.983485 4.043484 4.177077 4.115436 4.054491 4.117332 4.161530 4.209674 4.146218 4.108060 4.130224 
3.640000	3.879996 3.938167 3.927419 4.030958 3.867299 3.866783 4.012843 3.919965 3.860640 4.015064 3.891633 4.109664 3.795419 3.764487 3.902531 3.971324 3.987645 3.946204 3.865812 3.962865 
3.650000	4.098590 4.193003 4.282898 4.182976 4.271377 4.108831 4.208600 4.267724 4.241060 4.095957 4.173353 4.130559 4.271950 4.184022 4.147304 4.144332 4.186338 4.221346 4.140190 4.292780 
3.660000	4.259344 4.102780 4.263506 4.145898 4.060241 4.123630 4.285717 4.183931 4.217249 4.223979 4.274459 4.133578 4.269573 4.103823 4.074094 4.221578 4.199587 4.277110 4.203806 4.049656 
3.670000	4.220433 3.943137 4.032545 3.961015 4.016857 4.092468 4.114146 4.063454 4.119025 3.954205 3.891679 3.887174 4.065874 4.037793 4.064834 4.172292 3.957580 3.973582 4.072097 4.084197 
3.680000	4.261396 4.139784 4.381944 4.214870 4.337663 4.269204 4.174711 4.460255 4.386669 4.319413 4.548991 4.446332 4.284089 4.348608 4.162238 4.183636 4.344571 4.141904 4.305919 4.178107 
3.690000	4.157868 4.160012 4.096137 4.217732 4.148922 4.143060 4.163193 4.284256 4.035494 4.226959 4.050763 4.236065 4.212917 4.261687 4.157969 4.407842 4.083904 4.124813 4.254681 4.203456 
3.700000	4.049203 4.038010 3.961733 4.072506 3.994865 3.990821 4.078728 4.135365 4.065892 4.094463 4.208359 4.013715 4.033754 4.213655 4.222165 4.128873 4.194081 4.105375 4.141868 4.214796 
3.710000	4.113939 4.114461 4.340733 4.483136 4.146251 4.203251 4.310742 4.244976 4.318392 4.306492 4.246494 4.312227 4.098181 4.014044 4.237650 4.203969 4.230891 4.243593 4.410375 4.243446 
3.720000	4.177822 4.300327 4.194318 4.379571 4.219972 4.262604 4.161785 4.180291 4.232741 4.169966 4.423701 4.140601 4.412918 4.187823 4.297413 4.293178 4.260268 4.243408 4.191528 4.223974 
3.730000	4.127549 4.194390 4.348133 4.217890 4.222253 4.233682 4.249166 3.996469 4.191994 4.149430 4.146938 4.221231 4.120447 4.308407 4.254550 4.271732 4.071005 4.304067 4.339590 4.305364 
3.740000	4.458224 4.359989 4.415616 4.241851 4.349166 4.296870 4.321700 4.407279 4.229719 4.308957 4.351184 4.361805 4.366773 4.300631 4.189636 4.313853 4.284513 4.169139 4.218726 4.414538 
3.750000	4.002457 4.102548 4.063968 3.961933 3.856300 4.024713 3.904623 3.997056 4.054120 3.926364 4.005960 3.907885 3.839666 3.991217 4.076440 3.994270 3.965933 3.969838 4.038928 4.042354 
3.760000	4.155183 4.180997 4.057732 4.130864 4.038923 4.130348 4.093869 4.164717 4.204712 4.059851 4.102013 4.148851 4.207620 4.163788 4.271080 4.255990 4.169991 4.208181 4.425972 4.142377 
3.770000	4.078334 4.092724 4.204646 3.840393 4.263632 4.055044 4.078882 4.204519 3.941368 4.138181 4.085705 3.987548 4.070754 4.069781 4.185516 4.220013 3.979249 4.112157 4.004349 4.063031 
3.780000	4.055968 3.966294 4.179438 4.012504 4.129097 3.973451 4.019946 4.073369 4.012613 4.121173 4.146204 4.055424 4.131766 4.170113 4.064083 4.047971 4.079437 4.141270 4.069948 4.116614 
3.790000	4.338728 4.265997 4.496775 4.293791 4.498683 4.325280 4.113774 4.454694 4.362328 4.372983 4.542413 4.349368 4.555029 4.377512 4.321100 4.399876 4.496360 4.570611 4.666605 4.474234 
3.800000	4.494473 4.530460 4.524602 4.494497 4.369208 4.350787 4.390939 4.528518 4.507589 4.338316 4.422267 4.603029 4.513164 4.482503 4.532929 4.456615 4.478872 4.415020 4.565564 4.480903 
3.810000	4.258559 4.295541 4.460823 4.510530 4.352431 4.271726 4.269582 4.486702 4.248989 4.360797 4.195718 4.394098 4.277481 4.463249 4.321391 4.157546 4.278524 4.206664 4.338799 4.368489 
3.820000	4.393879 4.170697 4.437424 4.262256 4.231261 4.207169 4.197208 4.308964 4.426187 4.351297 4.254859 4.391306 4.192791 4.317919 4.120328 4.349038 4.146284 4.304227 4.365573 4.347636 
3.830000	4.227235 4.237498 4.191726 4.281356 4.283345 4.351124 4.327770 4.217909 4.203821 4.519551 4.392521 4.392146 4.324292 4.297472 4.342806 4.414594 4.342744 4.284248 4.144317 4.228315 
3.840000	4.502112 4.425775 4.387829 4.307399 4.552078 4.545433 4.453780 4.582367 4.401063 4.251812 4.513011 4.504880 4.401198 4.425951 4.549929 4.380189 4.327318 4.445193 4.419712 4.464218 
3.850000	4.372996 4.410545 4.253319 4.335879 4.272282 4.291170 4.314219 4.329699 4.217228 4.180290 4.263201 4.153636 4.237003 4.324550 4.322815 4.192049 4.257087 4.147848 4.112518 4.117236 
3.860000	4.272694 4.230468 4.307080 4.282623 4.202299 4.286222 4.409091 4.320594 4.290591 4.200146 4.394706 4.224741 4.215639 4.468757 4.305683 4.491254 4.360412 4.441061 4.282355 4.294362 
3.870000	4.492115 4.406408 4.459118 4.448533 4.580936 4.640964 4.491751 4.532855 4.521697 4.549063 4.471830 4.662674 4.530725 4.590131 4.563926 4.302627 4.412935 4.565829 4.561503 4.433157 
3.880000	4.268969 4.054673 4.271307 4.252482 4.280414 4.301346 4.140079 4.326446 4.186429 4.297256 4.231132 4.024997 4.174063 4.190551 4.143965 4.187015 4.184045 4.283296 4.266281 4.291905 
3.890000	4.274331 4.436084 4.286283 4.451999 4.178067 4.271686 4.363554 4.486930 4.361820 4.362561 4.344502 4.368728 4.290505 4.238180 4.226678 4.504505 4.531030 4.182347 4.270964 4.520301 
3.900000	4.554116 4.379568 4.408947 4.667705 4.452469 4.553190 4.529941 4.547105 4.357586 4.530058 4.702042 4.559777 4.582825 4.514089 4.559779 4.489274 4.541149 4.350978 4.545700 4.659112 
3.910000	4.262774 4.417000 4.473109 4.267015 4.313371 4.422365 4.330459 4.308801 4.314291 4.384106 4.339176 4.483909 4.428709 4.439952 4.271141 4.489339 4.411608 4.467516 4.346156 4.363608 
3.920000	4.265627 4.099099 4.160292 4.332733 4.339917 4.248150 4.244160 4.267289 4.257650 4.430647 4.295011 4.288951 4.260941 4.152575 4.293801 4.270579 4.273398 4.389076 4.298202 4.259782 
3.930000	4.406615 4.316647 4.216317 4.447849 4.344781 4.236359 4.335188 4.261135 4.240621 4.234224 4.126701 4.016625 4.299397 4.396377 4.215753 4.242288 4.268305 4.271572 4.247255 4.106876 
3.940000	4.802638 4.507953 4.596548 4.567665 4.756844 4.735762 4.534681 4.503732 4.777706 4.755127 4.548758 4.773487 4.566941 4.496587 4.413221 4.535341 4.597532 4.542434 4.588556 4.491567 
3.950000	4.287389 4.192923 4.235577 4.332236 4.181344 4.149675 4.339926 4.232759 4.255916 4.290585 4.316917 4.095266 4.249795 4.203461 4.177382 4.292511 4.174796 4.186821 4.326157 4.281927 
3.960000	4.289414 4.224769 4.509317 4.252143 4.299881 4.462977 4.504773 4.367257 4.581522 4.479946 4.421225 4.375675 4.321285 4.503322 4.373141 4.403403 4.346428 4.539249 4.489658 4.676586 
3.970000	4.391417 4.392247 4.529073 4.576028 4.416183 4.564537 4.456853 4.531519 4.413581 4.448489 4.413516 4.370742 4.522426 4.405219 4.493356 4.556697 4.540349 4.507942 4.487933 4.523828 
3.980000	4.502704 4.491650 4.490717 4.400768 4.420932 4.388006 4.583932 4.394062 4.516797 4.412064 4.509063 4.548041 4.552455 4.544575 4.393578 4.532143 4.305876 4.389359 4.454346 4.455441 
3.990000	4.454797 4.648416 4.844872 4.627867 4.803394 4.633091 4.885574 4.679643 4.867134 4.709784 4.843797 4.588946 4.747512 4.774701 4.521132 4.702752 4.788523 4.953926 4.773901 4.727719 
4.000000	4.393178 4.537742 4.422261 4.284046 4.474897 4.469047 4.182827 4.359767 4.423592 4.248164 4.368600 4.331587 4.317179 4.250035 4.200416 4.345242 4.185333 4.297541 4.437237 4.203804 
4.010000	4.419122 4.587797 4.564933 4.552645 4.373574 4.602268 4.564608 4.442431 4.601425 4.535989 4.510492 4.595900 4.618471 4.546712 4.642192 4.580716 4.571774 4.530303 4.612436 4.479838 
4.020000	4.593751 4.536275 4.550351 4.652391 4.509032 4.622289 4.502052 4.645640 4.734392 4.655858 4.544061 4.668519 4.464935 4.516657 4.578419 4.494512 4.687122 4.634061 4.352391 4.483317 
4.030000	4.521643 4.621056 4.485248 4.503083 4.520785 4.541021 4.680246 4.700106 4.490485 4.559585 4.640814 4.564086 4.520367 4.686472 4.601375 4.580293 4.567198 4.487605 4.547965 4.656755 
4.040000	4.477840 4.307790 4.332869 4.252613 4.331343 4.603794 4.407806 4.355633 4.452500 4.553253 4.521053 4.279586 4.402402 4.417639 4.494434 4.407340 4.284914 4.389258 4.430139 4.433622 
4.050000	4.618581 4.755617 4.646386 4.676616 4.651817 4.666423 4.502664 4.695268 4.669012 4.741895 4.479725 4.627344 4.634173 4.497393 4.566096 4.585534 4.631147 4.599316 4.398420 4.426221 
4.060000	4.538726 4.616752 4.585661 4.750887 4.726765 4.628966 4.652631 4.653071 4.662175 4.695251 4.725001 4.715886 4.658703 4.788876 4.664640 4.658907 4.715809 4.559497 4.643566 4.546853 
4.070000	4.536601 4.435099 4.492812 4.583662 4.483044 4.313827 4.495953 4.587797 4.542306 4.546602 4.660651 4.452365 4.362551 4.466813 4.580550 4.479960 4.480502 4.448765 4.539477 4.474569 
4.080000	4.786626 4.718241 4.813780 4.767492 4.787706 4.833131 4.654513 4.883153 4.832826 4.594878 4.797387 4.671984 4.818121 4.636703 4.821523 4.796892 4.493547 4.861896 4.651990 4.847701 
4.090000	4.744999 4.552100 4.643563 4.608140 4.502086 4.544041 4.578279 4.444879 4.628157 4.652529 4.392682 4.485995 4.538097 4.646882 4.471423 4.638472 4.414443 4.563903 4.541818 4.620514 
4.100000	4.429260 4.576534 4.385642 4.666241 4.408773 4.634269 4.447638 4.427112 4.347222 4.718674 4.363358 4.604757 4.528373 4.401514 4.719102 4.658415 4.491816 4.472565 4.568923 4.566503 
4.110000	4.602304 4.767958 4.551584 4.748835 4.577864 4.612213 4.488586 4.586406 4.602461 4.775025 4.552870 4.534919 4.674885 4.540599 4.521001 4.772009 4.478983 4.802671 4.594922 4.698857 
4.120000	4.371733 4.499339 4.334422 4.586731 4.715228 4.544234 4.444870 4.476413 4.423753 4.289542 4.595775 4.473424 4.582300 4.466058 4.511429 4.468181 4.520121 4.455458 4.424508 4.546226 
4.130000	4.626788 4.792223 4.682109 4.700380 4.698671 4.749695 4.590380 4.562629 4.748152 4.809440 4.759579 4.871440 4.785683 4.601573 4.554298 4.805640 4.552011 4.632507 4.817812 4.773692 
4.140000	4.773316 4.648981 4.593224 4.576102 4.592789 4.613192 4.361032 4.545586 4.675598 4.775904 4.767447 4.813766 4.719743 4.628415 4.589668 4.648123 4.652978 4.538513 4.677254 4.679212 
4.150000	4.396712 4.636619 4.413916 4.411857 4.656743 4.495302 4.548080 4.516746 4.415915 4.648664 4.544417 4.556645 4.445113 4.616215 4.559025 4.560247 4.379756 4.506388 4.604034 4.550676 
4.160000	4.413654 4.584600 4.495702 4.272291 4.426115 4.565329 4.313931 4.460486 4.403896 4.391359 4.187961 4.284666 4.329503 4.378509 4.438329 4.352367 4.433171 4.355374 4.321579 4.417989 
4.170000	4.733032 4.524416 4.775661 4.723352 4.639550 4.680035 4.579850 4.740931 4.776501 4.556747 4.556967 4.517154 4.500404 4.638413 4.605099 4.505707 4.720787 4.488699 4.671128 4.767177 
4.180000	4.781453 4.774619 4.732017 4.936495 4.700867 4.597970 4.640725 4.837749 4.807931 4.810578 4.772639 4.741192 4.738982 4.750949 4.797542 4.753608 4.804216 4.770718 4.613294 4.743577 
4.190000	4.668352 4.563597 4.600544 4.561949 4.550224 4.648593 4.772827 4.593536 4.612191 4.704564 4.570212 4.665273 4.773725 4.795667 4.471437 4.703120 4.643708 4.565316 4.593091 4.578281 
4.200000	4.749558 4.840241 4.812878 4.588961 4.780482 4.830115 4.628087 4.766197 4.745184 4.670882 4.907175 4.505171 4.737823 4.932996 4.726983 4.865573 4.710158 4.770668 4.623843 4.645281 
4.210000	4.737376 4.481741 4.597435 4.602174 4.614658 4.409164 4.721795 4.593926 4.600160 4.521041 4.532414 4.627947 4.615994 4.698197 4.638869 4.588553 4.480708 4.539830 4.602945 4.407197 
4.220000	4.772371 4.663530 4.798641 4.720795 4.664207 4.710610 4.803401 4.816759 4.819129 4.640887 4.771736 4.809940 4.719516 4.750791 4.712922 4.699847 4.874198 4.834583 4.780026 4.835874 
4.230000	4.866915 4.764584 4.723156 4.980013 4.739080 4.821734 4.775542 4.863143 4.828130 4.856005 4.827862 4.900866 4.916553 4.793575 4.839506 4.914138 4.858482 4.622522 4.869863 4.732716 
4.240000	5.040327 4.688156 4.867373 4.893062 4.760058 4.763864 4.838620 4.736100 4.818205 4.750098 4.748928 4.662945 4.738459 4.784472 4.965501 4.932865 4.723474 4.979539 4.826778 4.806712 
4.250000	4.921511 4.964850 4.823596 4.963634 4.822914 4.769640 4.833641 4.924218 4.762017 4.887400 4.972758 4.696483 4.832366 4.932556 4.954479 4.768667 4.755727 4.730823 4.757336 4.859031 
4.260000	4.803557 5.038406 4.918240 4.679418 4.772487 5.019818 4.853483 4.816926 4.862828 4.933232 4.817709 4.974573 5.008327 4.959122 4.927866 4.966804 4.932679 4.810881 4.824210 4.930224 
4.270000	4.893226 4.620776 4.592186 4.657594 4.813125 4.602622 4.710916 4.676943 4.800926 4.684106 4.839520 4.626930 4.616576 4.677683 4.712352 4.681399 4.758708 4.581129 4.742290 4.811630 
4.280000	4.704654 4.716668 4.700966 4.655802 4.717389 4.777256 4.754670 4.652781 4.781871 4.870696 4.815182 4.862697 4.847168 4.847627 4.807681 4.933537 4.887889 4.746666 4.903738 4.745644 
4.290000	4.621547 4.555686 4.556401 4.620558 4.752633 4.693443 4.596635 4.665484 4.689020 4.698075 4.557491 4.744401 4.694662 4.821575 4.846935 4.702237 4.883492 4.665107 4.775911 4.565074 
4.300000	4.784671 4.665583 4.792535 4.809136 4.843567 4.745774 4.809829 4.795459 4.780404 4.719377 4.577688 4.813400 4.627609 4.706213 4.758859 4.721381 4.645863 4.819366 4.719222 4.542380 
4.310000	5.109037 5.077189 4.851486 5.124347 5.118679 5.087112 5.052776 4.949449 4.944526 5.304136 5.402568 5.266231 5.056527 5.023619 5.047244 5.055478 5.159427 5.179671 5.154216 5.003788 
4.320000	5.070276 4.920934 4.904653 4.924685 4.906191 4.886855 4.935477 4.788552 4.999231 4.792874 4.963846 5.056347 4.895774 4.956562 4.855278 4.844056 4.937729 5.074152 5.087946 4.933415 
4.330000	5.177241 5.152593 4.986943 5.046769 4.671456 5.004850 4.924072 4.761083 5.031164 4.930489 5.134888 4.915884 5.151240 4.947656 5.114191 4.908042 5.076300 4.998724 5.068773 4.943901 
4.340000	4.628431 4.685242 4.737418 4.638425 4.601343 4.438951 4.672644 4.749076 4.719420 4.791470 4.666766 4.654224 4.570772 4.794863 4.799031 4.498475 4.773763 4.647137 4.655963 4.607043 
4.350000	4.762088 4.713383 4.645243 4.880847 4.705228 4.600035 4.640788 4.560662 4.567819 4.725647 4.636940 4.491704 4.623563 4.471401 4.696649 4.649994 4.720171 4.679340 4.670836 4.588719 
4.360000	4.694118 4.779995 4.734668 4.854672 4.819993 4.876265 4.872986 4.602603 4.692909 4.821262 4.889534 4.535898 4.797271 4.719206 4.866771 4.857955 4.767253 4.760992 4.912656 4.835243 
4.370000	4.869870 5.109347 4.883106 4.815879 5.002786 4.798104 4.852029 4.943583 4.859444 4.822805 4.703232 4.892511 4.933320 4.923234 4.864208 4.974913 4.941833 4.763394 4.956736 4.793309 
4.380000	4.695894 4.903666 4.925551 4.941097 4.824656 4.776017 4.863734 5.049230 4.791688 4.912146 4.901796 4.797845 4.803539 5.021456 5.004945 4.938046 5.000136 4.727791 4.909036 4.974295 
4.390000	5.142620 5.133863 5.333526 5.267144 5.227904 5.366622 5.337255 5.135205 5.169760 5.097003 5.217780 4.979129 5.216922 5.101894 5.314123 5.215752 5.047652 5.118564 5.068406 5.092486 
4.400000	5.172775 5.125416 5.167320 5.031076 5.112935 5.243247 5.238167 5.112125 5.194711 5.168827 5.198531 4.967319 5.106895 5.138730 5.144532 5.303558 5.110509 5.250474 5.043306 5.157160 
4.410000	4.866390 4.953948 4.846980 4.899970 4.898967 4.847832 4.912999 4.668123 4.925504 4.997561 5.058599 5.110394 5.030114 4.818217 5.068061 4.925125 4.779648 4.896379 4.862760 4.936359 
4.420000	4.677688 5.085459 4.952172 4.867035 4.902755 4.941511 4.834090 4.895734 4.909940 4.919265 5.058613 4.972071 4.952879 5.054997 4.850881 4.894738 4.834231 4.943279 5.078687 4.990080 
4.430000	4.663482 4.737017 4.976205 4.788865 4.879581 4.965073 4.795118 4.893044 5.001388 4.846971 4.907261 4.675935 4.914043 4.727004 4.696778 4.870996 4.792356 4.970103 4.708205 4.910428 
4.440000	5.173525 5.181030 5.272664 5.102560 5.267025 5.294443 5.064501 5.201894 4.990180 5.133561 5.195687 5.160634 5.135384 5.222632 5.059367 5.073834 4.981021 5.031315 5.298424 5.140177 
4.450000	4.844738 5.157454 5.009815 4.952988 4.862429 4.905106 4.911515 4.986474 4.898477 4.967811 5.051491 4.915509 5.103496 5.090215 4.991340 5.010901 5.151051 4.742998 4.851070 4.933943 
4.460000	4.886392 5.283679 5.053092 5.007038 5.182720 5.249135 5.064939 5.012710 5.073052 5.116044 4.971431 5.153112 5.237617 4.951055 4.899243 5.140933 5.154505 5.097443 5.116476 5.100548 
4.470000	4.998689 4.926235 4.896797 4.914572 4.854466 4.933653 5.073705 4.931014 5.105083 4.931488 4.869175 5.025292 5.024691 4.903894 4.957032 5.165630 4.885233 5.183434 5.018245 4.941974 
4.480000	5.012528 5.030844 5.173093 5.090682 5.048544 5.150288 5.057491 5.100630 5.046321 5.095152 5.198070 5.016984 5.068868 5.043317 5.007513 5.025596 5.125529 5.051312 5.125188 4.954860 
4.490000	5.076950 5.272913 4.858737 5.169647 5.109366 5.120206 4.997974 5.317847 5.163955 5.070972 5.250230 5.141330 4.926364 5.109812 5.202015 5.164088 5.322925 5.050997 5.168925 5.302063 
4.500000	5.156655 5.050619 5.162196 5.126951 5.157994 5.175655 5.200429 5.289733 5.025722 5.275649 5.260529 5.222870 5.068537 4.996432 5.056180 5.289051 5.345946 5.003051 5.247862 5.244442 
4.510000	5.060404 5.112827 4.948316 4.913793 5.095575 4.886913 4.931452 5.006759 4.955919 4.936430 5.063486 5.074532 4.791206 4.889083 4.937797 4.974403 4.981986 5.178944 5.032555 4.922347 
4.520000	5.086340 5.024387 5.099270 4.998900 4.960824 4.954610 5.092491 5.231449 5.028529 5.029844 5.032085 5.184851 5.013039 5.067836 5.195366 5.010588 5.055927 5.028549 5.224643 5.111409 
4.530000	4.914929 5.101270 5.013592 4.961062 4.916714 4.903746 4.808037 4.912137 5.039173 4.716205 5.075392 5.002939 4.922716 5.042191 4.731910 5.083080 4.829547 4.781328 4.729741 4.948463 
4.540000	5.212785 4.845667 4.980779 5.185090 5.033568 5.126322 4.945602 5.214396 5.136286 5.155196 4.888314 4.995327 5.062838 5.004446 5.035014 4.939920 5.022677 5.061322 5.153098 5.054983 
4.550000	4.971556 5.260615 5.110731 4.957230 5.335661 5.082062 5.245479 5.199018 4.951690 5.270939 5.260978 5.227346 5.286049 5.158464 5.247773 5.299431 5.228194 5.102748 5.093083 5.190406 
4.560000	4.850621 4.950114 5.002908 4.794488 4.917622 4.976700 4.893708 4.917804 4.767303 4.745762 4.709131 4.946841 4.978516 4.907466 4.924613 4.982478 4.932788 4.977007 5.010954 4.923939 
4.570000	4.859265 5.025268 5.116600 4.944741 4.928622 4.909800 4.821737 4.989620 5.088852 4.744458 5.048447 4.843741 4.975406 5.139966 4.965529 4.813460 4.951133 4.828931 5.005771 4.942140 
4.580000	4.991405 4.991174 5.055344 5.091500 4.908268 5.001268 5.079793 4.969914 5.055837 5.023594 5.158044 5.188067 5.133670 5.008321 5.037684 5.006829 4.921825 5.074149 5.190521 5.054223 
4.590000	5.173382 5.332290 5.203685 5.353686 5.193025 5.324290 5.328494 5.536640 5.206500 5.358940 5.319157 5.336185 5.421880 5.272778 5.341636 5.214703 5.231904 5.366108 5.345827 5.120182 
4.600000	5.057352 4.993203 4.930846 4.976342 5.033584 4.990910 4.932143 4.947260 4.844756 4.791090 5.006266 5.120601 5.060457 4.919686 5.076735 5.000967 4.966791 5.050563 5.086194 4.964036 
4.610000	5.332127 5.332192 5.207922 5.327737 5.293675 5.350332 5.217546 5.047329 5.315772 5.280961 5.394215 5.277175 5.426622 5.394768 5.446021 5.259814 5.363689 5.184838 5.447174 5.258972 
4.620000	5.165447 5.260283 5.214443 5.211914 5.089635 5.200111 5.120878 4.802743 5.089847 5.146622 5.353570 5.341623 5.066889 5.196518 5.086743 5.027650 5.052639 5.162920 5.196416 5.434321 
4.630000	5.484366 5.402481 5.286572 5.379701 5.534878 5.383627 5.196979 5.340090 5.471083 5.331603 5.264532 5.356717 5.144472 5.333412 5.445383 5.513454 5.456462 5.314996 5.584169 5.436643 
4.640000	4.879846 5.120298 5.084061 5.114710 5.089623 5.085363 5.162028 4.990476 5.159864 5.200306 4.958540 5.082299 4.989322 5.162903 5.126154 4.947444 5.011190 5.024807 5.115691 4.966316 
4.650000	5.162313 5.031331 5.386758 5.113029 5.090789 5.130420 5.270372 4.981153 5.098880 5.113706 5.182168 5.189031 5.123219 5.086987 5.154130 5.189471 5.277542 4.988033 5.216708 5.013595 
4.660000	5.314432 5.403494 5.327957 5.434734 5.544765 5.212712 5.470788 5.462277 5.113358 5.265088 5.507106 5.300534 5.233481 5.369108 5.328649 5.414678 5.299882 5.337190 5.200148 5.347864 
4.670000	5.207784 5.256701 5.289293 5.277338 5.174944 5.144386 5.289102 5.291898 5.252431 5.368330 5.374217 5.240603 5.204035 5.345378 5.282552 5.238903 5.344014 5.401420 5.175116 5.255575 
4.680000	5.258634 5.270475 5.419492 5.247476 5.224227 5.305335 5.310036 5.362934 5.422499 5.243849 5.389355 5.230242 5.418066 5.406315 5.305925 5.387831 5.410391 5.325828 5.226113 5.257830 
4.690000	5.268822 5.190081 5.117639 5.077918 5.194715 5.264773 5.310718 5.430912 5.345353 5.203108 5.246045 5.178039 5.147588 5.229371 5.160009 5.287529 5.265481 5.269392 5.351852 5.259877 
4.700000	5.262354 5.031091 5.067733 5.152484 5.043829 4.858337 5.064828 4.996513 5.028704 5.008281 5.019705 5.051251 4.952428 5.085556 5.143248 4.990730 5.055691 5.126071 5.076581 5.159863 
4.710000	5.293132 5.285353 5.237609 5.355298 5.089975 5.182393 5.232897 5.143436 5.259418 5.031255 4.981110 5.253276 5.309907 5.103472 5.083685 5.168445 4.908434 5.173971 5.199761 5.064898 
4.720000	5.266947 5.399190 5.422703 5.364816 5.362875 5.544069 5.315787 5.223372 5.505435 5.446664 5.172362 5.473802 5.357788 5.261737 5.394924 5.147475 5.332452 5.288297 5.475377 5.429700 
4.730000	5.393411 5.452699 5.167792 5.413210 5.315812 5.444982 5.136906 5.406178 5.365212 5.378578 5.301736 5.281827 5.398877 5.242575 5.550559 5.292482 5.230614 5.280515 5.358888 5.402809 
4.740000	5.160921 5.082304 5.362462 5.286964 5.081157 5.205067 5.117198 5.101654 5.064767 5.125150 4.987675 5.134764 5.188863 5.198889 5.116808 5.167474 5.326860 5.192324 5.178767 4.999643 
4.750000	5.557235 5.538658 5.515351 5.510523 5.268674 5.298279 5.598524 5.609979 5.367312 5.431566 5.607956 5.450113 5.441662 5.330828 5.420405 5.543238 5.585216 5.454526 5.339550 5.614364 
4.760000	5.618392 5.408404 5.548689 5.435439 5.517107 5.376319 5.274268 5.326391 5.114565 5.495470 5.381645 5.329390 5.614483 5.383498 5.411348 5.423075 5.632060 5.584811 5.181974 5.395801 
4.770000	5.574769 5.556437 5.526086 5.383344 5.496321 5.487732 5.414775 5.635659 5.486332 5.506815 5.402717 5.730384 5.284855 5.574629 5.433467 5.421617 5.553090 5.393232 5.526628 5.550821 
4.780000	5.092573 4.998746 5.114194 5.047596 4.927129 5.146238 5.090260 4.929293 5.034232 4.896404 5.193838 4.956267 5.159944 4.848222 5.032814 4.877904 5.166412 4.881337 5.236595 5.087841 
4.790000	5.304211 5.167470 5.170392 5.292968 5.188345 5.174940 5.200950 5.428862 5.247375 5.220838 5.181592 5.151755 5.183760 5.178405 5.055834 5.320929 5.395819 5.224881 5.113055 5.073716 
4.800000	5.136206 5.246995 5.192852 5.003000 4.997364 5.130745 4.950973 5.108624 5.061337 5.096257 4.968212 4.825394 4.867872 4.879322 5.039560 5.100491 5.161874 5.093151 5.067099 5.002085 
4.810000	5.635830 5.374653 5.523955 5.430154 5.431359 5.492510 5.680551 5.324556 5.480341 5.360355 5.482196 5.498138 5.762126 5.514999 5.422094 5.458293 5.559786 5.468479 5.449411 5.577933 
4.820000	5.362608 5.414107 5.351582 5.511689 5.652616 5.516095 5.468793 5.451486 5.350628 5.311449 5.558812 5.524372 5.468082 5.465697 5.392001 5.482400 5.365359 5.337071 5.561862 5.517625 
4.830000	5.286011 5.276569 5.260535 5.424942 5.272088 5.443298 5.421673 5.511131 5.425567 5.282117 5.280790 5.106777 5.142410 5.577099 5.424007 5.252704 5.203734 5.307938 5.189532 5.342242 
4.840000	5.263333 4.941842 5.247620 5.052114 5.243962 5.030953 5.146989 5.106061 5.262478 5.070684 5.101209 5.253361 5.180409 5.106380 5.313087 5.219466 5.166538 5.246983 5.069686 5.374968 
4.850000	5.294380 5.091190 5.397354 5.088616 5.108124 5.318613 5.217918 5.059228 5.189245 5.079409 5.298606 5.140713 5.113077 5.052714 5.092948 5.060722 5.188797 5.134371 5.349887 5.250319 
4.860000	5.570475 5.596428 5.491617 5.406466 5.727371 5.452552 5.445889 5.459716 5.471967 5.508078 5.329347 5.419175 5.191493 5.434576 5.476998 5.377942 5.597875 5.540557 5.539608 5.515839 
4.870000	5.309606 5.329589 5.522501 5.242050 5.435076 5.372924 5.315876 5.077938 5.412393 5.382107 5.336202 5.412916 5.286116 5.275746 5.353503 5.375924 5.287690 5.303600 5.471618 5.240711 
4.880000	5.462370 5.572189 5.463735 5.488078 5.586953 5.529377 5.579200 5.652056 5.454010 5.346540 5.426418 5.764836 5.546298 5.431899 5.485725 5.702587 5.386094 5.410229 5.411281 5.262085 
4.890000	5.267198 5.563611 5.408492 5.394967 5.283841 5.353511 5.408700 5.295833 5.376442 5.435459 5.154929 5.338559 5.485775 5.312869 5.193294 5.276707 5.384201 5.278540 5.433321 5.354616 
4.900000	5.597381 5.724044 5.759869 5.744875 5.508035 5.863124 5.654216 5.613306 5.748303 5.718079 5.766965 5.666655 5.694631 5.675009 5.650460 5.814284 5.684352 5.641949 5.532554 5.614643 
4.910000	5.470722 5.530520 5.341892 5.395960 5.649794 5.320257 5.443827 5.296683 5.507762 5.428874 5.426488 5.524145 5.402229 5.419367 5.315693 5.433779 5.639492 5.348268 5.338199 5.449900 
4.920000	4.858216 5.403012 5.095942 5.172707 5.150758 5.105238 5.361705 5.296835 5.059046 5.457855 5.061860 5.288069 5.436779 5.362024 5.324517 5.095514 5.408221 5.278203 5.271963 5.418607 
4.930000	5.214469 5.174320 5.453887 5.185786 5.041787 5.093247 5.127766 5.139553 5.222658 5.186120 5.186942 5.095768 5.169940 5.161278 5.301625 5.100851 5.178308 5.211048 5.189183 5.084927 
4.940000	5.453841 5.535674 5.399743 5.495370 5.464779 5.682511 5.740253 5.537865 5.677636 5.524791 5.545693 5.366782 5.433813 5.644972 5.464744 5.613385 5.303908 5.502012 5.403746 5.726241 
4.950000	4.921668 5.253187 5.308300 5.116513 5.268523 5.264864 5.188178 5.244505 5.031656 5.249464 5.011831 5.255927 5.214674 5.081612 5.087828 5.006592 5.158804 5.352944 5.303978 5.179960 
4.960000	5.299473 5.393624 5.060112 5.458277 5.225017 5.290680 5.411824 5.389093 5.418658 5.160246 5.210696 5.372509 5.309550 5.197641 5.400228 5.243880 5.126684 5.306073 5.238788 5.469583 
4.970000	5.199921 5.236145 5.265774 5.317129 5.330788 5.305110 5.154670 5.163555 5.215669 5.338823 5.258684 5.443658 5.489763 5.202376 5.194456 5.230392 5.340055 5.049113 5.215960 5.202084 
4.980000	5.471398 5.449303 5.333942 5.624808 5.513129 5.402610 5.536397 5.368310 5.534875 5.444563 5.643919 5.509859 5.644659 5.441267 5.511562 5.491218 5.433941 5.612360 5.606200 5.399457 
4.990000	5.279565 5.359905 5.312999 5.217052 5.233150 5.399232 5.426155 5.189600 5.395105 5.371070 5.305473 5.362817 5.359148 5.341564 5.189120 5.334174 5.269870 5.580983 5.271573 5.296148 
5.000000	5.235813 5.521692 5.448661 5.400612 5.493683 5.252653 5.546143 5.401936 5.530989 5.400782 5.284183 5.404412 5.441246 5.530691 5.526887 5.349436 5.455851 5.128254 5.503376 5.328799 
5.010000	5.421962 5.486909 5.357713 5.341853 5.304191 5.174700 5.226672 5.388397 5.362743 5.352320 5.571761 5.474363 5.626476 5.381186 5.443066 5.533223 5.412254 5.423467 5.481098 5.550093 
