0.100000	0.753045 0.725933 0.748518 0.773206 0.792263 0.759880 0.773218 0.775491 0.776148 0.798258 0.793826 0.830188 0.806259 0.796309 0.815832 0.810410 0.797119 0.783629 0.822026 0.802601 
0.110000	0.767529 0.737702 0.767713 0.760811 0.782891 0.774772 0.779826 0.812045 0.796635 0.782690 0.781544 0.822561 0.801510 0.822615 0.806771 0.813397 0.803916 0.863007 0.788309 0.780969 
0.120000	0.747562 0.749424 0.767464 0.802028 0.799666 0.823008 0.805003 0.803030 0.807240 0.807077 0.819921 0.791130 0.813800 0.799472 0.789772 0.796725 0.815828 0.828850 0.817423 0.810162 
0.130000	0.793150 0.794958 0.801078 0.787705 0.801014 0.811957 0.796163 0.813582 0.792727 0.788998 0.798770 0.849668 0.823266 0.800430 0.822700 0.807589 0.816949 0.833561 0.836217 0.828697 
0.140000	0.767261 0.777570 0.779958 0.818748 0.775687 0.782979 0.782866 0.809919 0.828157 0.827697 0.846579 0.855536 0.803019 0.826038 0.800499 0.817848 0.844598 0.814147 0.817543 0.805351 
0.150000	0.784876 0.804033 0.764031 0.797897 0.822425 0.822817 0.818827 0.817807 0.859510 0.845436 0.861822 0.804158 0.839946 0.867316 0.838481 0.841654 0.836529 0.840664 0.804602 0.868713 
0.160000	0.796215 0.775082 0.778872 0.853109 0.846945 0.789830 0.833854 0.871470 0.837880 0.829152 0.850395 0.837865 0.837137 0.856249 0.842515 0.823628 0.851524 0.823137 0.834353 0.850364 
0.170000	0.815594 0.811017 0.801823 0.833391 0.836531 0.829309 0.841706 0.819291 0.873302 0.867182 0.838168 0.867123 0.861406 0.883720 0.860307 0.825558 0.841612 0.816278 0.867246 0.850192 
0.180000	0.847140 0.840961 0.873044 0.829189 0.814648 0.882036 0.883734 0.878251 0.866633 0.827167 0.852224 0.866198 0.842974 0.842411 0.861424 0.860345 0.861691 0.901937 0.902138 0.890931 
0.190000	0.803053 0.819850 0.848058 0.852467 0.885582 0.863121 0.852834 0.889113 0.877306 0.874005 0.916484 0.880788 0.887745 0.886242 0.890128 0.887879 0.836727 0.857236 0.856354 0.884358 
0.200000	0.857420 0.827493 0.822582 0.845756 0.865199 0.865794 0.864970 0.882839 0.850781 0.863403 0.851287 0.891199 0.881309 0.843714 0.894682 0.881125 0.899526 0.890634 0.905163 0.886594 
0.210000	0.819484 0.880220 0.861573 0.882162 0.879192 0.881329 0.850601 0.865813 0.888999 0.892942 0.870209 0.927162 0.881060 0.878158 0.896925 0.889570 0.885635 0.890548 0.869774 0.895613 
0.220000	0.856389 0.855448 0.832578 0.836811 0.894264 0.882566 0.856215 0.907134 0.882980 0.875196 0.871778 0.931310 0.886480 0.920231 0.924333 0.895218 0.927849 0.922248 0.946757 0.921379 
0.230000	0.844797 0.819136 0.875890 0.917931 0.870323 0.908646 0.891735 0.859582 0.836471 0.897019 0.900337 0.899079 0.854816 0.884013 0.888801 0.893309 0.901786 0.891763 0.895760 0.931300 
0.240000	0.881642 0.830346 0.858450 0.866707 0.854984 0.895773 0.911984 0.895247 0.916273 0.894486 0.889166 0.910491 0.870109 0.882368 0.869321 0.906132 0.926155 0.930507 0.855156 0.896905 
0.250000	0.847493 0.840791 0.842094 0.880708 0.909656 0.863615 0.916286 0.893408 0.907920 0.945073 0.903361 0.871631 0.928279 0.949139 0.900335 0.942998 0.903261 0.931558 0.912720 0.935075 
0.260000	0.880535 0.880797 0.894616 0.894543 0.925339 0.955726 0.943141 0.957179 0.962928 0.952167 0.925199 0.885525 0.960626 0.950788 0.902513 0.947834 0.960651 0.930899 0.918591 0.945788 
0.270000	0.924348 0.860066 0.905389 0.893448 0.960866 0.915071 0.913193 0.903151 0.866474 0.936327 0.944788 0.933668 0.956451 0.936484 0.923928 0.963920 0.930331 0.930126 0.941973 0.947682 
0.280000	0.892115 0.946834 0.932484 0.869756 0.903712 0.949105 0.921877 0.965212 0.900840 0.917250 0.925986 0.901192 0.908470 0.949451 0.962061 0.925857 0.961405 0.889679 0.913399 0.986172 
0.290000	0.915285 0.900931 0.921031 0.892347 0.935724 0.941562 0.920498 0.990517 0.926232 0.979054 0.923628 0.941120 0.920430 0.941006 0.892066 0.932381 0.961249 0.916672 0.959560 0.938615 
0.300000	0.904742 0.899389 0.925412 0.947621 0.934602 0.955374 0.972716 0.947965 0.978900 0.950251 0.979457 0.976889 0.917651 1.001220 0.948819 0.999010 0.928837 0.936650 0.954276 0.950440 
0.310000	0.955886 0.927638 0.950690 0.917588 0.977546 0.964972 0.925183 0.966429 0.969182 0.954337 0.936922 1.003552 0.973035 0.994566 0.977002 0.959377 0.929290 0.942883 0.990455 0.961141 
0.320000	0.935901 0.948318 0.949989 0.974325 1.002599 0.943525 0.952693 0.949226 1.009649 0.988305 1.005873 0.974972 0.985271 0.983315 1.000014 0.993360 0.963081 0.977436 0.972489 0.980621 
0.330000	0.934625 0.965181 0.945532 0.939566 0.945948 0.970130 0.949337 0.966442 0.962947 1.008323 0.976713 0.958353 0.972716 0.972484 1.012484 0.965385 0.972439 0.965737 0.958001 1.023359 
0.340000	1.027532 0.985202 0.988213 0.995917 0.996751 1.012852 0.976055 0.962760 0.969644 1.006418 1.052844 1.028709 1.038401 1.054395 1.021047 0.993807 1.023323 1.005308 1.018976 1.043971 
0.350000	1.001731 0.956802 0.971262 0.988394 1.030361 1.049459 1.025309 0.989791 1.041279 0.996634 1.017785 1.043138 1.054816 1.003326 1.052011 1.040215 0.972352 1.036671 1.017361 0.998751 
0.360000	0.971336 0.998622 1.007958 1.010248 1.021231 1.042943 1.017502 1.057074 0.972235 1.032329 1.004988 1.088366 1.001633 0.994624 1.001710 1.001365 1.017400 0.981859 1.034138 1.019955 
0.370000	1.016350 0.996273 1.003448 1.023517 1.006349 1.026330 1.022017 1.053133 1.009555 1.011109 1.043293 0.997795 1.009421 1.023437 1.049226 1.038362 0.980376 1.063168 1.025552 1.023712 
0.380000	0.939980 1.007967 0.985258 1.002207 1.049815 1.051247 1.044372 0.999007 1.004214 0.990167 1.040359 1.016573 1.032200 1.011463 1.057900 1.044905 1.035440 1.093767 1.030185 1.046608 
0.390000	1.014327 1.039576 1.029915 1.046508 1.046011 1.060215 1.044699 1.080291 1.075197 1.069801 1.046771 1.002978 1.065523 1.072577 1.059558 1.057621 1.047566 1.055427 1.076836 1.053245 
0.400000	1.032833 1.055896 1.022828 1.066045 1.076643 1.074888 1.005402 1.046537 1.074126 1.063258 1.089946 1.066663 1.079174 1.039781 1.031407 0.970764 1.060915 1.070351 1.053387 1.088482 
0.410000	1.030588 1.027225 1.029552 1.084093 1.128013 1.071624 1.043376 1.066157 1.063858 1.100948 1.075508 1.067656 1.076345 1.100957 1.090250 1.071852 1.099787 1.124276 1.070371 1.070846 
0.420000	1.080329 1.102621 1.089483 1.013433 1.067391 1.061479 1.056346 1.065556 1.084362 1.061779 1.084092 1.047756 1.086631 1.106591 1.028546 1.037834 1.068377 1.084879 1.113629 1.091842 
0.430000	1.038599 1.037898 1.066269 1.057608 1.087737 1.057429 1.019163 1.025681 1.095787 1.063736 1.065601 1.092404 1.059897 1.090337 1.074978 1.017179 1.052925 1.124801 1.118127 1.090719 
0.440000	1.043723 1.064771 1.055593 1.016555 0.991119 1.056172 1.052145 1.140312 1.074033 1.058888 1.075293 1.089032 1.075146 1.088434 1.081486 1.063847 1.070179 1.117783 1.079480 1.108975 
0.450000	1.038083 1.005619 1.064431 1.083424 1.061278 1.135689 1.109341 1.054546 1.030448 1.084399 1.093112 1.093602 1.079978 1.103947 1.108037 1.084598 1.059451 1.062206 1.115517 1.066673 
0.460000	1.101753 1.007252 1.085019 1.095308 1.074979 1.089721 1.062597 1.086146 1.082906 1.085833 1.084950 1.078381 1.078532 1.079898 1.095795 1.111077 1.143852 1.083375 1.086576 1.113038 
0.470000	1.038930 1.039206 1.058069 1.065783 1.051899 1.070105 1.047457 1.097617 1.185010 1.068137 1.059536 1.086417 1.049902 1.109144 1.070686 1.089906 1.083355 1.100926 1.055129 1.149315 
0.480000	1.075290 1.091345 1.130234 1.066092 1.104567 1.182706 1.089121 1.089338 1.106040 1.089114 1.068551 1.074530 1.133109 1.118533 1.152788 1.192985 1.166395 1.152521 1.159426 1.106331 
0.490000	1.154331 1.181237 1.123529 1.121436 1.149030 1.140462 1.143553 1.125064 1.148697 1.152455 1.163959 1.151524 1.195325 1.213482 1.157794 1.160638 1.191157 1.175293 1.171248 1.151591 
0.500000	1.088366 1.107955 1.091573 1.077763 1.099695 1.157133 1.123138 1.121180 1.169427 1.134468 1.130356 1.179997 1.177894 1.107484 1.122536 1.127629 1.168548 1.128704 1.124824 1.134922 
0.510000	1.115767 1.094942 1.215017 1.068889 1.107946 1.131325 1.115865 1.151450 1.137240 1.153526 1.156057 1.139347 1.148234 1.141814 1.123641 1.133801 1.135711 1.133589 1.155475 1.136751 
0.520000	1.128920 1.097858 1.128594 1.198800 1.165981 1.218026 1.136117 1.165874 1.127832 1.135964 1.179994 1.197388 1.169307 1.155749 1.142230 1.181216 1.171468 1.121447 1.179240 1.147860 
0.530000	1.134997 1.163662 1.149944 1.132757 1.131805 1.131827 1.156814 1.174732 1.227960 1.185774 1.163052 1.125313 1.203788 1.222727 1.186195 1.148224 1.088570 1.169181 1.148920 1.105955 
0.540000	1.189117 1.145868 1.172498 1.183528 1.203173 1.216780 1.179878 1.214305 1.189180 1.180509 1.231117 1.198800 1.175640 1.228004 1.223040 1.187434 1.189363 1.210863 1.179300 1.238035 
0.550000	1.102324 1.170078 1.250472 1.151452 1.159737 1.179196 1.159764 1.199873 1.205643 1.203251 1.222920 1.237272 1.176693 1.184362 1.181751 1.215123 1.229404 1.176310 1.199972 1.204884 
0.560000	1.198825 1.166177 1.173957 1.197812 1.150736 1.175060 1.237114 1.194458 1.178102 1.158730 1.172414 1.232392 1.193755 1.206761 1.191327 1.127119 1.206416 1.174852 1.182483 1.204281 
0.570000	1.109955 1.129699 1.145510 1.131951 1.193292 1.175644 1.155164 1.094081 1.155443 1.169430 1.169909 1.171721 1.164450 1.136721 1.162726 1.210456 1.134688 1.166633 1.152092 1.149764 
0.580000	1.146453 1.196785 1.195833 1.223005 1.215756 1.200383 1.165871 1.214268 1.189054 1.213752 1.234418 1.192305 1.228260 1.213478 1.182134 1.153621 1.248524 1.241689 1.192875 1.220616 
0.590000	1.170676 1.122296 1.158079 1.179111 1.212584 1.223896 1.234671 1.145683 1.205273 1.229888 1.227342 1.225266 1.197228 1.212936 1.161794 1.222477 1.178598 1.229597 1.217562 1.196196 
0.600000	1.194842 1.185356 1.207310 1.237151 1.188368 1.210821 1.180887 1.179661 1.198863 1.236691 1.200502 1.214599 1.227017 1.204052 1.254205 1.279494 1.242706 1.295749 1.253113 1.243012 
0.610000	1.232632 1.239819 1.286287 1.209401 1.265063 1.237337 1.239325 1.252323 1.193861 1.237525 1.298415 1.286119 1.243801 1.267302 1.294551 1.240555 1.261817 1.249907 1.205884 1.236415 
0.620000	1.265876 1.246598 1.231614 1.263208 1.258205 1.268713 1.268064 1.240813 1.249384 1.258221 1.271256 1.306883 1.252389 1.338356 1.201380 1.307730 1.259447 1.266860 1.298826 1.297910 
0.630000	1.176862 1.172891 1.271925 1.210490 1.229982 1.166021 1.242601 1.263781 1.207943 1.223742 1.256997 1.234317 1.260276 1.228314 1.255238 1.229187 1.255491 1.243559 1.230693 1.259891 
0.640000	1.209287 1.233392 1.254911 1.286424 1.253791 1.253791 1.259351 1.213653 1.194978 1.253151 1.248323 1.221199 1.315735 1.289684 1.222104 1.291230 1.285703 1.259093 1.226983 1.269260 
0.650000	1.219538 1.230739 1.257839 1.244553 1.229760 1.229034 1.285089 1.266569 1.224875 1.282954 1.264682 1.232606 1.223547 1.272356 1.237597 1.257687 1.267152 1.224405 1.287958 1.210069 
0.660000	1.239594 1.255295 1.252590 1.290856 1.267031 1.286099 1.294875 1.234165 1.263196 1.240558 1.311353 1.278472 1.272446 1.329527 1.325726 1.261215 1.231263 1.300990 1.332225 1.285432 
0.670000	1.241176 1.237704 1.278184 1.277423 1.274193 1.292191 1.278205 1.234344 1.326261 1.262996 1.307836 1.260808 1.277908 1.269284 1.254433 1.240802 1.252930 1.279144 1.287370 1.277092 
0.680000	1.288021 1.299248 1.282357 1.267339 1.285985 1.250050 1.294261 1.336053 1.285457 1.306692 1.256407 1.351528 1.313050 1.303669 1.312582 1.291976 1.348477 1.282783 1.319831 1.305527 
0.690000	1.270200 1.201093 1.228658 1.284136 1.254747 1.201924 1.235624 1.259399 1.308684 1.245047 1.252596 1.308334 1.305550 1.247716 1.283344 1.280531 1.240863 1.246438 1.281017 1.301279 
0.700000	1.260000 1.318694 1.277296 1.268880 1.284215 1.324981 1.298325 1.278108 1.337725 1.325585 1.334958 1.318490 1.327140 1.297513 1.242990 1.367389 1.339081 1.374452 1.348409 1.309082 
0.710000	1.293985 1.300202 1.311313 1.282132 1.308099 1.302804 1.338062 1.321992 1.343559 1.327277 1.293388 1.291589 1.328157 1.312366 1.338290 1.306623 1.300228 1.332349 1.327367 1.260187 
0.720000	1.308694 1.349813 1.336555 1.335383 1.347294 1.321050 1.346530 1.340969 1.352287 1.281561 1.382521 1.323497 1.350213 1.312278 1.374656 1.368147 1.397705 1.404801 1.324283 1.336624 
0.730000	1.295705 1.282198 1.341714 1.283875 1.281801 1.365508 1.333413 1.287903 1.285968 1.342611 1.304863 1.312813 1.346872 1.270469 1.287816 1.302654 1.278655 1.237823 1.323813 1.308568 
0.740000	1.273387 1.295992 1.270144 1.291236 1.296100 1.337586 1.355896 1.300358 1.286931 1.319936 1.340935 1.353299 1.346570 1.273576 1.317771 1.227965 1.329829 1.275520 1.327807 1.292502 
0.750000	1.324418 1.377236 1.388649 1.346274 1.369839 1.347636 1.339234 1.326306 1.311688 1.357319 1.325218 1.340996 1.360476 1.349731 1.308310 1.408724 1.287551 1.344161 1.376775 1.309879 
0.760000	1.361406 1.392096 1.297158 1.332964 1.370905 1.346613 1.312816 1.292590 1.328944 1.322652 1.273087 1.382523 1.364317 1.352861 1.368899 1.334672 1.339054 1.359117 1.339502 1.359536 
0.770000	1.340460 1.434640 1.348187 1.369782 1.417601 1.397282 1.434528 1.388907 1.458454 1.415420 1.379982 1.448097 1.397521 1.352084 1.358337 1.442712 1.433702 1.413380 1.389298 1.397909 
0.780000	1.374595 1.406230 1.369950 1.417431 1.400005 1.405834 1.395934 1.408721 1.426208 1.382517 1.447970 1.387866 1.390717 1.422712 1.408608 1.481587 1.441626 1.498953 1.430589 1.417959 
0.790000	1.384484 1.356489 1.315239 1.445834 1.380586 1.414270 1.419478 1.375724 1.363210 1.428709 1.395462 1.361188 1.347196 1.453518 1.361937 1.416208 1.336288 1.360769 1.342302 1.407458 
0.800000	1.332288 1.438098 1.364029 1.407205 1.404835 1.413084 1.419321 1.420954 1.430925 1.470162 1.410342 1.408779 1.451771 1.427551 1.366583 1.373777 1.444862 1.397969 1.373841 1.386245 
0.810000	1.392746 1.407183 1.379683 1.434554 1.363832 1.374816 1.453284 1.359993 1.462806 1.486255 1.427394 1.399456 1.449702 1.452407 1.457186 1.406244 1.421897 1.433256 1.440144 1.414748 
0.820000	1.426886 1.390120 1.408376 1.442439 1.387876 1.376713 1.420917 1.412902 1.410028 1.405701 1.412351 1.414831 1.405602 1.383835 1.422685 1.407824 1.416560 1.392820 1.386673 1.342817 
0.830000	1.412100 1.370267 1.336229 1.398207 1.408643 1.439485 1.446911 1.364739 1.400970 1.469139 1.443260 1.410226 1.426707 1.371793 1.400060 1.446098 1.381899 1.399345 1.424172 1.388620 
0.840000	1.423465 1.422636 1.428325 1.413807 1.422392 1.437738 1.440231 1.442539 1.405129 1.432675 1.352766 1.465322 1.443862 1.471284 1.419629 1.474774 1.396224 1.394943 1.433904 1.459586 
0.850000	1.386503 1.382682 1.373963 1.438488 1.439176 1.363894 1.390669 1.349987 1.366982 1.422894 1.416156 1.407258 1.334120 1.383868 1.359493 1.352018 1.417249 1.393863 1.429716 1.380136 
0.860000	1.434864 1.458373 1.540150 1.446160 1.438964 1.467059 1.455127 1.448224 1.487155 1.506133 1.483026 1.492482 1.477671 1.473682 1.478619 1.432824 1.471572 1.439860 1.477676 1.465521 
0.870000	1.445970 1.494849 1.477717 1.380008 1.377317 1.450513 1.440067 1.467564 1.422273 1.408567 1.402268 1.471091 1.480974 1.415342 1.462651 1.426661 1.481996 1.469508 1.426237 1.452821 
0.880000	1.422413 1.445891 1.417904 1.426847 1.480353 1.393963 1.452248 1.467114 1.486568 1.446472 1.498686 1.430084 1.448797 1.434604 1.452057 1.431274 1.524096 1.455631 1.471549 1.413598 
0.890000	1.470891 1.449258 1.440455 1.520904 1.442693 1.471000 1.566674 1.527613 1.430268 1.506425 1.453261 1.436129 1.475122 1.482724 1.474869 1.520717 1.407089 1.494454 1.490214 1.390860 
0.900000	1.528262 1.453324 1.490887 1.485713 1.475354 1.458170 1.496439 1.455601 1.432333 1.492329 1.441851 1.468910 1.521662 1.463402 1.493259 1.530621 1.483304 1.535157 1.445201 1.529429 
0.910000	1.396609 1.363833 1.427283 1.501242 1.442272 1.420789 1.477249 1.403519 1.499212 1.446813 1.453778 1.486442 1.530251 1.419070 1.471843 1.422084 1.464258 1.470242 1.467704 1.426093 
0.920000	1.541922 1.525031 1.587573 1.596116 1.553313 1.550038 1.545792 1.544668 1.524129 1.529936 1.547377 1.500216 1.483192 1.537211 1.468295 1.537429 1.496640 1.585043 1.606426 1.548617 
0.930000	1.449944 1.439002 1.465805 1.525416 1.439873 1.502680 1.484898 1.506503 1.521742 1.477521 1.449564 1.484488 1.523397 1.527698 1.558320 1.541815 1.482804 1.543325 1.481010 1.467281 
0.940000	1.529375 1.507374 1.513487 1.551586 1.479675 1.515002 1.532521 1.524590 1.563831 1.531683 1.517419 1.590459 1.549440 1.486912 1.540138 1.498545 1.551239 1.501549 1.471670 1.494521 
0.950000	1.496394 1.469265 1.474636 1.494658 1.484951 1.407949 1.445957 1.479746 1.526780 1.455667 1.467874 1.426524 1.518341 1.386014 1.460388 1.441550 1.490419 1.486634 1.474957 1.477955 
0.960000	1.487364 1.447499 1.423339 1.480942 1.551943 1.508075 1.535377 1.469154 1.523412 1.503299 1.521990 1.505850 1.521146 1.496072 1.520159 1.512634 1.557686 1.559287 1.482299 1.481879 
0.970000	1.515328 1.532000 1.500154 1.488215 1.461986 1.518534 1.501411 1.509525 1.552999 1.461156 1.552689 1.522805 1.472364 1.475682 1.534511 1.560169 1.496790 1.517383 1.559888 1.513219 
0.980000	1.553056 1.564102 1.558856 1.480334 1.539608 1.600122 1.494996 1.569296 1.535501 1.589225 1.537425 1.527552 1.541898 1.551502 1.564393 1.567464 1.544831 1.604914 1.486940 1.549970 
0.990000	1.552349 1.561550 1.633240 1.642647 1.624899 1.625096 1.622756 1.652353 1.551839 1.678848 1.637754 1.608586 1.670355 1.643276 1.574245 1.605485 1.706625 1.630792 1.582639 1.658887 
